Gravel-Miguel/LCP_maps/DEM.asc
ncols        324
nrows        222
xllcorner    -2137390.001029999927
yllcorner    -1064663.537894296227
cellsize     1000.303962438272
[rows 80 to 99 of 222, columns 258 to 300 of 324]
-2824.866943359375 -2864.1923828125 -2906.783447265625 -2976.267822265625 -3062.24755859375 -3132.144775390625 -3215.102294921875 -3336.203857421875 -3341.51171875 -3268.5654296875 -3192.327880859375 -3107.007568359375 -3062.57470703125 -3067.57177734375 -3087.93994140625 -3083.3203125 -3064.240234375 -3039.2109375 -3010.4326171875 -2937.034912109375 -2802.983642578125 -2716.34033203125 -2649.906494140625 -2593.754150390625 -2566.0078125 -2544.22216796875 -2520.322021484375 -2500.78759765625 -2479.765869140625 -2444.909423828125 -2425.075927734375 -2412.46533203125 -2399.738037109375 -2385.556396484375 -2363.551025390625 -2344.26904296875 -2323.95751953125 -2301.78125 -2278.05224609375 -2264.14306640625 -2247.465576171875 -2220.0380859375 -2186.509521484375
-2870.71142578125 -2915.704345703125 -2981.436767578125 -3066.64013671875 -3153.7919921875 -3206.552734375 -3252.85791015625 -3341.1669921875 -3332.960693359375 -3257.4755859375 -3185.4990234375 -3088.669921875 -3035.0078125 -3054.730712890625 -3069.609619140625 -3057.32080078125 -3041.704345703125 -3025.912841796875 -3001.02294921875 -2915.717529296875 -2775.938720703125 -2676.15087890625 -2619.74853515625 -2580.54541015625 -2553.708251953125 -2534.36328125 -2512.38427734375 -2492.75634765625 -2462.931396484375 -2427.641845703125 -2412.667236328125 -2399.165771484375 -2385.112548828125 -2368.0517578125 -2350.1513671875 -2326.294677734375 -2304.28076171875 -2281.21728515625 -2257.057373046875 -2242.230224609375 -2226.8349609375 -2207.233642578125 -2179.609619140625
-2925.952880859375 -2990.130126953125 -3074.45751953125 -3138.014892578125 -3186.81201171875 -3204.324462890625 -3222.261962890625 -3321.068115234375 -3330.359375 -3231.419677734375 -3142.82568359375 -3047.239990234375 -3020.080322265625 -3040.828369140625 -3046.729248046875 -3037.94873046875 -3024.270751953125 -3009.091064453125 -2982.87060546875 -2902.93701171875 -2759.267578125 -2665.53662109375 -2594.29443359375 -2561.036376953125 -2540.2021484375 -2520.4560546875 -2501.861572265625 -2480.662109375 -2457.111328125 -2421.404296875 -2400.982421875 -2387.7802734375 -2371.478759765625 -2355.305908203125 -2337.047607421875 -2313.995849609375 -2294.2919921875 -2269.91162109375 -2243.97216796875 -2224.789306640625 -2209.6826171875 -2190.73095703125 -2170.294189453125
-2997.6533203125 -3059.228515625 -3111.51806640625 -3141.287109375 -3153.138427734375 -3105.135009765625 -3130.164306640625 -3303.894775390625 -3327.947509765625 -3218.60400390625 -3096.7412109375 -3010.033447265625 -3010.575927734375 -3027.562744140625 -3030.703125 -3026.876708984375 -3012.789306640625 -2991.56103515625 -2967.997802734375 -2900.9423828125 -2769.950927734375 -2666.94091796875 -2590.08984375 -2546.446533203125 -2525.64990234375 -2507.847412109375 -2488.298828125 -2472.487060546875 -2453.29052734375 -2418.151123046875 -2387.673095703125 -2374.41650390625 -2362.07763671875 -2345.41748046875 -2326.583251953125 -2304.093017578125 -2286.387939453125 -2261.1455078125 -2232.037353515625 -2213.91748046875 -2193.610107421875 -2175.115478515625 -2157.313232421875
-3013.23095703125 -3054.600341796875 -3075.850341796875 -3081.774658203125 -3017.01171875 -2952.433349609375 -3088.61376953125 -3301.2021484375 -3323.509033203125 -3215.525390625 -3084.333740234375 -2986.791748046875 -2995.518798828125 -3015.62255859375 -3015.3310546875 -3011.79638671875 -2994.585205078125 -2974.096923828125 -2951.664794921875 -2905.328857421875 -2772.645751953125 -2664.979736328125 -2588.75439453125 -2530.89013671875 -2511.33740234375 -2493.64013671875 -2477.10009765625 -2462.802490234375 -2445.130126953125 -2413.328125 -2375.468017578125 -2361.968017578125 -2349.5849609375 -2335.73046875 -2315.72314453125 -2295.76806640625 -2277.272216796875 -2249.098876953125 -2222.557373046875 -2201.555419921875 -2182.27978515625 -2162.762939453125 -2146.02294921875
-2956.4384765625 -2993.42578125 -2979.689208984375 -2941.062255859375 -2849.653076171875 -2897.388671875 -3121.237060546875 -3296.4296875 -3329.84716796875 -3232.275390625 -3082.711669921875 -2969.9580078125 -2964.54296875 -3003.527099609375 -3000.90771484375 -2991.5830078125 -2976.421630859375 -2954.010498046875 -2934.016845703125 -2891.66015625 -2770.287841796875 -2647.560302734375 -2567.73876953125 -2517.113037109375 -2491.03759765625 -2475.6103515625 -2460.407958984375 -2447.292724609375 -2432.169921875 -2402.203125 -2367.803466796875 -2350.301513671875 -2334.438720703125 -2320.235595703125 -2303.546875 -2283.71875 -2263.254150390625 -2241.07666015625 -2213.7958984375 -2192.8837890625 -2170.579345703125 -2153.001708984375 -2135.778564453125
-2899.79833984375 -2926.502197265625 -2877.2451171875 -2814.250732421875 -2786.170166015625 -2944.173095703125 -3151.480224609375 -3301.912353515625 -3328.0693359375 -3219.660400390625 -3064.369140625 -2951.768798828125 -2932.531982421875 -2979.757080078125 -2983.21826171875 -2971.4560546875 -2961.564697265625 -2939.917236328125 -2905.444580078125 -2858.324951171875 -2743.113525390625 -2621.155029296875 -2563.194580078125 -2520.0673828125 -2493.70068359375 -2468.038818359375 -2444.7275390625 -2431.308349609375 -2414.76806640625 -2386.9267578125 -2357.28955078125 -2342.448974609375 -2323.634521484375 -2308.2734375 -2289.47021484375 -2268.18212890625 -2252.420166015625 -2230.518310546875 -2207.9814453125 -2184.98193359375 -2162.300537109375 -2144.320556640625 -2126.9150390625
-2817.07568359375 -2841.3994140625 -2781.4462890625 -2708.201171875 -2793.994384765625 -2944.102783203125 -3109.475341796875 -3287.19580078125 -3298.359619140625 -3202.021484375 -3056.1767578125 -2948.324462890625 -2910.5517578125 -2930.561767578125 -2938.54541015625 -2928.696044921875 -2933.103759765625 -2907.374755859375 -2858.215087890625 -2791.680908203125 -2666.612548828125 -2584.220703125 -2536.4404296875 -2494.764892578125 -2472.15869140625 -2448.23583984375 -2421.901611328125 -2401.7392578125 -2382.23095703125 -2359.70751953125 -2342.58837890625 -2329.604248046875 -2313.64599609375 -2296.148681640625 -2274.876708984375 -2255.981689453125 -2239.307861328125 -2220.4462890625 -2197.6884765625 -2176.602294921875 -2153.558349609375 -2136.645263671875 -2121.216064453125
-2694.009765625 -2749.581787109375 -2683.044921875 -2617.530517578125 -2721.876220703125 -2822.172119140625 -3068.692626953125 -3295.095947265625 -3276.547607421875 -3195.509521484375 -3073.8076171875 -2975.026123046875 -2924.025390625 -2884.399169921875 -2872.99853515625 -2869.548583984375 -2882.52783203125 -2863.345458984375 -2809.13916015625 -2729.145751953125 -2621.9892578125 -2537.72607421875 -2469.459228515625 -2422.009521484375 -2404.175048828125 -2393.423095703125 -2374.926025390625 -2355.625732421875 -2342.760498046875 -2333.88818359375 -2324.220947265625 -2314.121826171875 -2299.697998046875 -2280.83984375 -2262.380859375 -2242.546630859375 -2228.408935546875 -2209.47119140625 -2187.5546875 -2166.637451171875 -2146.03662109375 -2131.145751953125 -2111.364501953125
-2579.893798828125 -2675.921875 -2584.15576171875 -2490.132080078125 -2557.708740234375 -2755.23974609375 -3098.60546875 -3288.37890625 -3255.60107421875 -3189.74462890625 -3084.281982421875 -2984.626708984375 -2932.98095703125 -2855.2666015625 -2846.350830078125 -2836.762939453125 -2828.12939453125 -2819.794677734375 -2787.388916015625 -2738.4248046875 -2628.03076171875 -2531.172119140625 -2447.155517578125 -2398.076171875 -2376.55908203125 -2356.290283203125 -2337.902099609375 -2322.61474609375 -2318.2421875 -2310.491943359375 -2303.872314453125 -2295.73486328125 -2282.441162109375 -2264.97900390625 -2246.57666015625 -2229.955810546875 -2212.979248046875 -2196.044189453125 -2176.041259765625 -2158.08349609375 -2141.69970703125 -2122.072998046875 -2101.41064453125
-2463.138671875 -2563.991455078125 -2463.932861328125 -2381.195556640625 -2493.6435546875 -2781.1572265625 -3067.84130859375 -3273.162841796875 -3249.576171875 -3178.16552734375 -3084.49658203125 -3007.54248046875 -2956.474853515625 -2899.904541015625 -2905.1669921875 -2861.87939453125 -2783.62890625 -2774.829833984375 -2766.647705078125 -2729.3447265625 -2641.56103515625 -2555.747802734375 -2470.518310546875 -2401.576171875 -2372.170166015625 -2341.28515625 -2318.900634765625 -2307.427734375 -2298.640869140625 -2289.925537109375 -2282.171630859375 -2274.977294921875 -2263.515380859375 -2246.070556640625 -2230.640380859375 -2213.715576171875 -2197.291015625 -2181.01953125 -2161.0849609375 -2145.511474609375 -2128.526123046875 -2110.12158203125 -2089.517578125
-2281.402587890625 -2404.384033203125 -2340.573974609375 -2299.74658203125 -2483.083984375 -2746.2294921875 -3009.249267578125 -3229.4501953125 -3265.68115234375 -3183.894775390625 -3138.80078125 -3104.09326171875 -3069.34521484375 -3045.677490234375 -3035.070068359375 -2964.5029296875 -2852.79052734375 -2808.454345703125 -2752.709716796875 -2693.67236328125 -2615.758544921875 -2548.33935546875 -2473 -2383.024658203125 -2333.385009765625 -2304.72314453125 -2295.806640625 -2289.716796875 -2282.19921875 -2271.58349609375 -2261.9208984375 -2255.032470703125 -2243.11083984375 -2228.811279296875 -2212.837646484375 -2196.880615234375 -2181.846435546875 -2164.240966796875 -2145.824951171875 -2127.466552734375 -2112.41162109375 -2094.102294921875 -2077.1904296875
-2087.240234375 -2228.78369140625 -2177.9169921875 -2198.235595703125 -2437.423828125 -2739.6396484375 -2930.179931640625 -3132.94189453125 -3267.288818359375 -3228.474365234375 -3209.8408203125 -3200.37939453125 -3196.282958984375 -3180.73046875 -3160.4853515625 -3117.7548828125 -3033.7041015625 -2940.060546875 -2836.95361328125 -2735.197509765625 -2636.900634765625 -2554.0185546875 -2480.548828125 -2381.8623046875 -2312.84716796875 -2288.4716796875 -2267.84228515625 -2263.00390625 -2261.599365234375 -2251.401123046875 -2242.061279296875 -2233.962158203125 -2223.417236328125 -2209.946533203125 -2195.6875 -2178.753662109375 -2162.66943359375 -2147.989013671875 -2127.721923828125 -2112.094970703125 -2095.504638671875 -2079.073486328125 -2063.70556640625
-1914.68896484375 -2050.218017578125 -2042.41943359375 -2140.15380859375 -2426.9560546875 -2668.2080078125 -2830.56201171875 -3003.9072265625 -3208.444580078125 -3229.89013671875 -3229.454833984375 -3200.5537109375 -3168.2392578125 -3146.4501953125 -3164.530029296875 -3189.62353515625 -3163.99072265625 -3092.60546875 -2991.72998046875 -2900.9140625 -2766.37060546875 -2664.36572265625 -2587.295166015625 -2472.578369140625 -2377.458740234375 -2329.3671875 -2260.976318359375 -2229.905517578125 -2223.6884765625 -2220.625 -2216.625244140625 -2212.77587890625 -2202.824462890625 -2191.465087890625 -2177.266357421875 -2158.754150390625 -2142.233154296875 -2126.09619140625 -2108.98486328125 -2092.990478515625 -2078.72314453125 -2063.501708984375 -2048.474365234375
-1804.45703125 -1926.6688232421875 -2025.5595703125 -2237.89111328125 -2433.135986328125 -2655.591064453125 -2812.68115234375 -2932.586669921875 -3079.605224609375 -3156.53955078125 -3186.481689453125 -3092.2880859375 -3038.987548828125 -3031.8662109375 -3081.020751953125 -3127.7900390625 -3170.133544921875 -3165.110107421875 -3125.36328125 -3081.812255859375 -2942.95068359375 -2850.836181640625 -2791.35498046875 -2658.705322265625 -2540.093505859375 -2432.390625 -2295.31591796875 -2232.328369140625 -2196.598876953125 -2183.513671875 -2180.862548828125 -2181.096435546875 -2171.596923828125 -2164.64794921875 -2155.806396484375 -2137.3935546875 -2116.9541015625 -2101.3798828125 -2085.35302734375 -2072.921630859375 -2058.602294921875 -2044.357421875 -2030.360107421875
-1741.389892578125 -1855.735107421875 -2065.72509765625 -2232.2138671875 -2435.882568359375 -2618.20556640625 -2778.73095703125 -2925.475341796875 -3038.20703125 -3114.482177734375 -3142.2080078125 -3001.254150390625 -2962.694091796875 -2979.283447265625 -3022.6728515625 -3012.807373046875 -3069.9853515625 -3122.932373046875 -3144.81982421875 -3145.3271484375 -3084.682373046875 -2996.864013671875 -2927.0888671875 -2812.558837890625 -2718.549072265625 -2574.91259765625 -2438.475830078125 -2347.86083984375 -2246.911865234375 -2178.830810546875 -2151.573486328125 -2124.0283203125 -2126.825927734375 -2125.813720703125 -2107.62109375 -2094.579833984375 -2090.1083984375 -2079.17138671875 -2064.6435546875 -2050.998291015625 -2038.4482421875 -2026.2041015625 -2012.358154296875
-1713.9718017578125 -1825.2147216796875 -1953.102294921875 -2119.107421875 -2354.32275390625 -2582.165771484375 -2800.96337890625 -2926.5517578125 -2979.95166015625 -3054.287841796875 -3121.29052734375 -2969.29541015625 -2900.35400390625 -2933.4609375 -2982.097900390625 -2956.619384765625 -2995.83447265625 -3021.225830078125 -3059.1162109375 -3103.165283203125 -3138.14990234375 -3093.644775390625 -3018.496337890625 -2915.480712890625 -2833.8076171875 -2735.737548828125 -2618.9453125 -2491.357421875 -2353.7294921875 -2228.263916015625 -2211.001953125 -2178.644287109375 -2220.880615234375 -2199.361572265625 -2150.002685546875 -2096.47509765625 -2061.004638671875 -2052.49658203125 -2040.32177734375 -2026.782470703125 -2017.695068359375 -2006.15576171875 -1996.02734375
-1678.271484375 -1784.2567138671875 -1988.0400390625 -2206.701904296875 -2452.615966796875 -2653.30810546875 -2748.10107421875 -2812.302490234375 -2860.688232421875 -2993.3876953125 -3108.569091796875 -2957.43408203125 -2826.0859375 -2885.243896484375 -2935.02978515625 -2927.463134765625 -2937.917724609375 -2935.477294921875 -2966.621826171875 -3027.22705078125 -3097.1337890625 -3108.7412109375 -3086.57421875 -3012.025390625 -2925.030517578125 -2861.865966796875 -2757.478515625 -2619.097412109375 -2501.642333984375 -2393.685791015625 -2467.450439453125 -2486.5693359375 -2525.590087890625 -2487.7451171875 -2416.605224609375 -2259.03466796875 -2100.7568359375 -2023.870361328125 -2006.525390625 -2002.348388671875 -1995.0234375 -1987.394775390625 -1976.319580078125
-1563.055908203125 -1795.1795654296875 -2076.510498046875 -2304.03125 -2401.4453125 -2464.773681640625 -2596.796142578125 -2710.513427734375 -2812.758056640625 -2950.955810546875 -3079.247802734375 -2963.55126953125 -2794.587158203125 -2863.541015625 -2891.76513671875 -2884.224853515625 -2876.824951171875 -2891.01953125 -2903.677734375 -2961.249755859375 -3014.003662109375 -3058.393798828125 -3088.66796875 -3085.108642578125 -3023.16845703125 -2963.4931640625 -2885.26611328125 -2768.03662109375 -2689.134033203125 -2636.534912109375 -2744.888671875 -2779.937255859375 -2788.48193359375 -2735.989501953125 -2655.728271484375 -2492.572509765625 -2265.7275390625 -2069.4697265625 -1981.103759765625 -1970.340087890625 -1968.371826171875 -1958.216796875 -1952.874755859375
-1408.01171875 -1726.983642578125 -2067.782470703125 -2150.5791015625 -2143.15380859375 -2310.2197265625 -2484.281494140625 -2592.16162109375 -2721.829833984375 -2902.845947265625 -3029.306640625 -2996.980224609375 -2820.636474609375 -2825.489013671875 -2840.412353515625 -2825.544921875 -2819.498046875 -2864.201416015625 -2856.56298828125 -2887.86376953125 -2920.951416015625 -3010.600830078125 -3055.284423828125 -3078.440673828125 -3079.636474609375 -3034.594970703125 -2965.662353515625 -2893.410888671875 -2854.5224609375 -2865.424560546875 -2939.71533203125 -2953.16845703125 -2923.552734375 -2855.02685546875 -2761.47314453125 -2668.1298828125 -2497.904541015625 -2240.42724609375 -1998.550537109375 -1939.138671875 -1929.4892578125 -1936.117919921875 -1934.0010986328125
