Gravel-Miguel/LCP_maps/DEM.asc
ncols        324
nrows        222
xllcorner    -2137390.001029999927
yllcorner    -1064663.537894296227
cellsize     1000.303962438272
[rows 160 to 179 of 222, columns 172 to 214 of 324]
1341.8056640625 1300.7880859375 1332.74169921875 1441.5733642578125 1609.93408203125 1752.8153076171875 1973.7872314453125 2130.54248046875 2134.55712890625 2078.00439453125 1969.96875 1852.9375 1703.816650390625 1818.5045166015625 1615.6871337890625 1570.1488037109375 1364.136474609375 1249.7730712890625 1171.1474609375 1142.9482421875 1060.3995361328125 1018.25146484375 1019.31201171875 1039.842529296875 1018.21484375 1017.5947265625 1063.068359375 1089.9658203125 1067.078857421875 1007.78277587890625 950.3653564453125 890.8109130859375 947.2833251953125 1021.7457275390625 1089.1337890625 1226.207763671875 1043.029296875 1017.2884521484375 1126.782958984375 1057.134765625 1039.8570556640625 1144.0877685546875 1182.386962890625
1297.0533447265625 1321.5560302734375 1331.9696044921875 1473.4730224609375 1523.920166015625 1695.642822265625 1977.3397216796875 2030.4857177734375 2005.406494140625 1964.6427001953125 1811.5810546875 1778.66357421875 1873.3675537109375 1934.8623046875 1806.5474853515625 1653.185791015625 1478.9459228515625 1309.677490234375 1172.5623779296875 1162.41162109375 1141.90185546875 1034.890380859375 1013.80670166015625 1027.3873291015625 998.04193115234375 987.529541015625 990.91839599609375 1010.1400146484375 963.79412841796875 923.28900146484375 918.4266357421875 879.70062255859375 958.6708984375 1172.41748046875 1087.8037109375 1228.509521484375 1100.5181884765625 1162.62353515625 1284.231689453125 1172.6162109375 1058.926513671875 1017.6494140625 1050.535400390625
1259.8980712890625 1303.2342529296875 1353.2525634765625 1429.450927734375 1459.8228759765625 1668.354736328125 1796.4019775390625 1919.46826171875 1817.2738037109375 1754.307861328125 1703.7589111328125 1542.5501708984375 1740.5714111328125 1912.6793212890625 1956.361328125 1804.5428466796875 1571.1187744140625 1398.601806640625 1206.574462890625 1138.3656005859375 1184.3341064453125 1066.726806640625 1003.251220703125 997.53509521484375 986.5799560546875 977.62921142578125 969.3492431640625 972.6639404296875 962.3477783203125 953.22381591796875 932.432373046875 956.26751708984375 1019.26422119140625 1220.2408447265625 1242.0726318359375 1271.1871337890625 1171.488525390625 1126.133056640625 1193.1868896484375 1186.959716796875 1068.38525390625 958.3509521484375 972.11895751953125
1319.50732421875 1305.8284912109375 1377.3570556640625 1411.577880859375 1446.01123046875 1499.8096923828125 1609.9957275390625 1810.1214599609375 1726.85400390625 1568.4193115234375 1495.8309326171875 1459.13671875 1628.7108154296875 1666.20556640625 1802.023193359375 1769.5316162109375 1685.875 1438.25634765625 1291.15771484375 1174.21533203125 1062.5748291015625 1026.779296875 1013.37225341796875 1002.42291259765625 979.8167724609375 972.8792724609375 961.3453369140625 955.69146728515625 954.42034912109375 960.66015625 963.06964111328125 1005.64044189453125 989.96185302734375 1084.842041015625 1106.362060546875 1083.184326171875 1045.025146484375 1026.31005859375 1057.378173828125 1065.2115478515625 989.5482177734375 946.49249267578125 955.22430419921875
1352.45166015625 1410.3529052734375 1397.6424560546875 1539.6153564453125 1413.6702880859375 1353.1842041015625 1494.76953125 1614.0416259765625 1690.65380859375 1587.783203125 1400.674072265625 1385.6590576171875 1544.380859375 1562.6719970703125 1490.7764892578125 1462.652099609375 1478.0986328125 1370.7301025390625 1390.023193359375 1344.032470703125 1161.06298828125 1055.50927734375 1002.6309814453125 996.36865234375 974.6322021484375 967.31036376953125 976.83203125 976.7066650390625 967.05126953125 978.1436767578125 996.99072265625 949.7335205078125 949.4549560546875 963.89984130859375 964.4287109375 973.8780517578125 969.83392333984375 981.42376708984375 986.36151123046875 980.72344970703125 996.48138427734375 971.4884033203125 971.40283203125
1246.720703125 1277.7347412109375 1436.7335205078125 1459.006591796875 1288.2503662109375 1270.41162109375 1323.410400390625 1490.257080078125 1677.37841796875 1627.7557373046875 1510.5303955078125 1344.7462158203125 1407.59033203125 1438.9630126953125 1358.3206787109375 1338.1043701171875 1312.5794677734375 1274.88818359375 1455.322998046875 1528.0140380859375 1315.3189697265625 1120.95068359375 1028.0352783203125 981.97320556640625 973.6705322265625 1018.39208984375 1073.2811279296875 1013.7222900390625 985.22430419921875 986.802001953125 991.0660400390625 950.40435791015625 947.86224365234375 977.38653564453125 952.50823974609375 948.43609619140625 965.85382080078125 952.781494140625 950.5697021484375 947.8060302734375 989.705322265625 982.1064453125 951.39312744140625
1188.874755859375 1252.4312744140625 1327.4698486328125 1279.5401611328125 1219.359619140625 1221.405029296875 1268.0302734375 1511.8157958984375 1590.8916015625 1468.1630859375 1430.96630859375 1358.713134765625 1302.04638671875 1497.1600341796875 1369.0711669921875 1281.0081787109375 1221.323486328125 1177.5826416015625 1260.9913330078125 1411.44970703125 1427.9940185546875 1297.9964599609375 1144.7525634765625 1010.99365234375 999.84722900390625 1079.860107421875 1139.5032958984375 1021.2327880859375 993.85205078125 973.08941650390625 962.924072265625 945.31829833984375 958.3231201171875 981.2550048828125 996.75732421875 981.0340576171875 979.55426025390625 949.06988525390625 946.97845458984375 948.066650390625 956.04632568359375 947.89300537109375 945.82342529296875
1162.1104736328125 1176.794189453125 1191.5948486328125 1182.8021240234375 1164.2801513671875 1264.663330078125 1275.0169677734375 1385.0140380859375 1386.6060791015625 1487.3887939453125 1341.9730224609375 1269.962158203125 1261.2620849609375 1542.814208984375 1456.7752685546875 1343.8551025390625 1214.1038818359375 1124.2802734375 1130.5213623046875 1186.2628173828125 1250.6741943359375 1318.881591796875 1275.3642578125 1089.9832763671875 1015.59356689453125 1096.823486328125 1154.236083984375 1156.368896484375 1129.65625 1061.713623046875 981.120849609375 960.316650390625 946.694580078125 956.361572265625 1004.80462646484375 1023.27618408203125 981.17608642578125 946.7337646484375 946.6441650390625 943.59954833984375 945.76605224609375 947.40264892578125 946.8074951171875
1128.287841796875 1162.037841796875 1154.1688232421875 1150.6632080078125 1169.325439453125 1232.0587158203125 1280.1109619140625 1417.895751953125 1346.82958984375 1369.0460205078125 1398.34912109375 1232.5006103515625 1234.32861328125 1510.5350341796875 1488.2608642578125 1303.4520263671875 1195.3489990234375 1169.634521484375 1086.553955078125 1067.0994873046875 1072.690673828125 1115.771728515625 1185.766845703125 1177.5574951171875 1134.97314453125 1048.3486328125 1079.06640625 1140.4935302734375 1204.885986328125 1201.577392578125 1102.468505859375 980.20562744140625 968.25799560546875 971.88275146484375 962.72802734375 952.98699951171875 945.3157958984375 955.63006591796875 966.59686279296875 970.88031005859375 949.23126220703125 950.93603515625 945.7021484375
1119.45166015625 1141.1070556640625 1134.224853515625 1210.6456298828125 1210.858642578125 1232.880126953125 1222.258544921875 1278.0328369140625 1319.824951171875 1223.3330078125 1220.103271484375 1159.7386474609375 1208.951904296875 1398.8431396484375 1508.713134765625 1272.450439453125 1203.06201171875 1234.432373046875 1125.21240234375 1051.574462890625 1065.9833984375 1081.2938232421875 1114.986328125 1169.6307373046875 1113.923583984375 1062.2958984375 1058.9013671875 1118.365478515625 1170.4615478515625 1179.7642822265625 1118.533935546875 988.34857177734375 1043.102783203125 1088.069580078125 1064.3785400390625 1010.26483154296875 1018.31732177734375 997.455322265625 1032.7529296875 984.35748291015625 959.1934814453125 980.7275390625 966.11297607421875
1086.75732421875 1106.0374755859375 1139.902099609375 1185.4864501953125 1161.1351318359375 1152.4456787109375 1156.976806640625 1230.4625244140625 1224.7469482421875 1159.5589599609375 1137.92626953125 1121.0421142578125 1180.6259765625 1314.7601318359375 1491.6058349609375 1266.067626953125 1178.2049560546875 1293.73681640625 1183.6463623046875 1071.14404296875 1066.32861328125 1081.8294677734375 1097.0125732421875 1111.3115234375 1128.823974609375 1065.146484375 1118.3580322265625 1219.7762451171875 1197.85009765625 1178.2078857421875 1078.69091796875 970.8184814453125 1023.30120849609375 1070.2548828125 1159.3492431640625 1134.069091796875 1052.7508544921875 1005.32281494140625 1037.583251953125 1006.33465576171875 962.38055419921875 962.22314453125 968.34490966796875
1081.1910400390625 1083.25390625 1085.4508056640625 1081.0643310546875 1088.076904296875 1110.4398193359375 1141.8126220703125 1229.3839111328125 1185.5091552734375 1138.6915283203125 1121.1187744140625 1106.4542236328125 1148.4193115234375 1199.6304931640625 1360.355712890625 1250.4154052734375 1168.6358642578125 1250.1396484375 1193.563232421875 1088.876220703125 1146.19775390625 1113.543212890625 1078.2860107421875 1093.85888671875 1132.068359375 1093.537353515625 1210.2413330078125 1332.284912109375 1287.315185546875 1253.514892578125 1111.223876953125 980.5791015625 1015.3316650390625 1072.82470703125 1126.673583984375 1054.1875 1001.24725341796875 971.46478271484375 1024.6239013671875 1004.9647216796875 974.5137939453125 962.767822265625 961.568359375
1111.9541015625 1098.122802734375 1076.537353515625 1057.11669921875 1088.4412841796875 1108.7606201171875 1104.8515625 1133.6302490234375 1140.5345458984375 1131.779296875 1116.38037109375 1090.9495849609375 1123.932861328125 1163.2685546875 1367.1070556640625 1212.06884765625 1155.2073974609375 1178.7899169921875 1090.6864013671875 1062.11962890625 1154.483642578125 1219.0289306640625 1121.59814453125 1078.8839111328125 1124.69873046875 1116.750732421875 1220.5283203125 1263.9898681640625 1294.645751953125 1298.9984130859375 1157.576416015625 1035.3572998046875 985.10565185546875 1018.17303466796875 1103.175537109375 1082.8720703125 1020.131591796875 981.57635498046875 1026.986572265625 1006.5234375 975.72412109375 961.55145263671875 978.78546142578125
1109.4871826171875 1139.154296875 1111.11376953125 1060.0853271484375 1100.7216796875 1110.9556884765625 1096.7933349609375 1093.6949462890625 1094.1158447265625 1124.6890869140625 1140.205810546875 1079.27197265625 1109.14111328125 1209.20703125 1299.6595458984375 1189.8897705078125 1121.0377197265625 1085.48046875 1051.1820068359375 1053.6346435546875 1050.092529296875 1143.7713623046875 1134.461181640625 1064.2254638671875 1081.6029052734375 1058.3773193359375 1115.47802734375 1108.76025390625 1166.718505859375 1297.157958984375 1283.343017578125 1136.254150390625 990.4012451171875 1005.34002685546875 1070.1121826171875 1101.6142578125 1072.254638671875 1021.17523193359375 1065.281494140625 1023.9400634765625 985.75048828125 1016.58563232421875 1005.199462890625
1131.8267822265625 1106.9964599609375 1119.16845703125 1077.28466796875 1084.509033203125 1120.255126953125 1084.207275390625 1082.12646484375 1078.197265625 1099.690673828125 1085.0858154296875 1074.32275390625 1075.5849609375 1150.1666259765625 1196.058349609375 1156.8878173828125 1156.859130859375 1095.0535888671875 1052.06884765625 1043.494384765625 1052.962890625 1071.793701171875 1087.6103515625 1046.0645751953125 1067.1688232421875 1043.32763671875 1037.750732421875 1018.90472412109375 1054.324462890625 1141.56103515625 1230.15966796875 1151.012451171875 965.0152587890625 1055.878173828125 1099.259033203125 1131.204833984375 1142.876953125 1092.8399658203125 1071.6968994140625 1048.720458984375 1030.0499267578125 1008.08575439453125 977.69403076171875
1171.408447265625 1091.5771484375 1101.999267578125 1085.865234375 1089.833740234375 1084.490478515625 1065.2724609375 1120.8367919921875 1078.3603515625 1084.7177734375 1086.3831787109375 1080.14111328125 1053.8216552734375 1063.0032958984375 1118.1376953125 1111.04443359375 1129.2288818359375 1105.392822265625 1048.590087890625 1075.36181640625 1052.3985595703125 1038.789794921875 1067.17919921875 1072.709716796875 1060.850341796875 1037.56787109375 1030.268798828125 1012.0245361328125 1077.045166015625 1106.61083984375 1098.51806640625 1010.12750244140625 967.4671630859375 1049.7259521484375 1093.258056640625 1122.698974609375 1117.65283203125 1146.7891845703125 1091.18115234375 1046.5135498046875 1073.1778564453125 1039.5986328125 1022.44940185546875
1172.036376953125 1123.4293212890625 1068.393310546875 1093.393798828125 1084.8804931640625 1050.838623046875 1059.07080078125 1086.1787109375 1102.577392578125 1060.015380859375 1087.720703125 1087.519775390625 1070.143798828125 1040.28662109375 1071.729248046875 1089.492431640625 1057.1611328125 1061.0880126953125 1043.587890625 1059.1875 1061.5625 1054.8988037109375 1072.6240234375 1136.227783203125 1138.6629638671875 1057.992919921875 1027.21630859375 990.47406005859375 1091.4732666015625 1187.0909423828125 1031.471435546875 952.8707275390625 1018.482421875 1086.590087890625 1109.903076171875 1144.7451171875 1201.56591796875 1145.1224365234375 1065.847412109375 1071.1431884765625 1034.964111328125 1035.0870361328125 1030.2734375
1186.8084716796875 1179.447265625 1065.20166015625 1067.610107421875 1058.43505859375 1044.452392578125 1044.687744140625 1040.462158203125 1102.8023681640625 1049.412841796875 1072.26171875 1088.2216796875 1065.9345703125 1056.687255859375 1039.887451171875 1077.1925048828125 1040.8916015625 1046.302001953125 1043.5194091796875 1035.75390625 1074.0367431640625 1120.16943359375 1174.4041748046875 1268.810791015625 1234.9334716796875 1078.75341796875 1019.94549560546875 982.96881103515625 1039.7099609375 1130.808349609375 998.04150390625 990.17523193359375 1148.14990234375 1208.7125244140625 1225.7191162109375 1249.0101318359375 1183.1915283203125 1051.5833740234375 1055.8135986328125 1022.39599609375 989.48309326171875 1003.0667724609375 1004.3519287109375
1209.0377197265625 1201.2535400390625 1110.40283203125 1066.974365234375 1080.1646728515625 1064.789306640625 1051.634033203125 1044.2769775390625 1061.066162109375 1044.7694091796875 1063.0491943359375 1088.57080078125 1061.4136962890625 1059.447265625 1034.03271484375 1068.84326171875 1034.705322265625 1034.1077880859375 1039.5888671875 1070.38671875 1123.26025390625 1212.87451171875 1270.7095947265625 1270.669921875 1254.0035400390625 1185.1014404296875 1058.389404296875 1013.56549072265625 973.5531005859375 1056.92578125 935.3692626953125 1052.1905517578125 1208.405029296875 1331.40380859375 1249.98876953125 1276.2125244140625 1171.2843017578125 1018.7969970703125 1047.164306640625 975.0677490234375 997.72802734375 988.34844970703125 953.1722412109375
1203.4761962890625 1188.0084228515625 1151.013916015625 1097.777587890625 1055.4786376953125 1048.3028564453125 1055.049560546875 1044.836669921875 1052.787353515625 1054.435791015625 1063.3349609375 1061.41357421875 1039.7060546875 1034.580322265625 1054.0013427734375 1048.942138671875 1025.943359375 1058.190185546875 1089.860107421875 1063.468994140625 1086.732666015625 1196.7196044921875 1236.8056640625 1226.883544921875 1156.3751220703125 1122.5179443359375 1065.0504150390625 1044.922607421875 949.61480712890625 982.4285888671875 944.4110107421875 1054.1778564453125 1236.92626953125 1259.916259765625 1181.4830322265625 1258.8406982421875 1213.2236328125 1058.76171875 984.90179443359375 962.296142578125 999.8369140625 929.3509521484375 892.3468017578125
