Gravel-Miguel/LCP_maps/DEM.asc
ncols        324
nrows        222
xllcorner    -2137390.001029999927
yllcorner    -1064663.537894296227
cellsize     1000.303962438272
[rows 60 to 79 of 222, columns 86 to 128 of 324]
217.047637939453125 213.2076416015625 193.42498779296875 233.215118408203125 213.961029052734375 196.922515869140625 197.9519805908203125 195.618377685546875 159.6660614013671875 168.2603302001953125 137.4955902099609375 150.8192138671875 166.751190185546875 109.058868408203125 86.0275421142578125 77.923980712890625 77.0117950439453125 75.855377197265625 71.95523834228515625 66.234710693359375 64.628204345703125 64.2761993408203125 62.13836669921875 59.446628570556640625 55.5536041259765625 50.841686248779296875 47.84960174560546875 42.36212158203125 37.2935028076171875 32.2328033447265625 25.1702880859375 19.544647216796875 12.38617706298828125 6.682647705078125 2.9464263916015625 0.08685302734375 -2.2149505615234375 -4.71314239501953125 -8.94980621337890625 -13.1309051513671875 -19.7260589599609375 -27.5197296142578125 -36.6265716552734375
265.5616455078125 236.4801177978515625 192.625457763671875 314.1903076171875 313.6737060546875 344.73040771484375 305.4603271484375 284.6298828125 255.3375091552734375 231.35791015625 171.719329833984375 190.9796142578125 132.9846649169921875 114.7160797119140625 91.83089447021484375 85.728485107421875 82.5178985595703125 81.1783294677734375 78.75830078125 73.3987274169921875 69.62343597412109375 67.235931396484375 63.69289398193359375 61.526294708251953125 56.34108734130859375 52.849925994873046875 50.91007232666015625 46.14760589599609375 42.9285430908203125 39.204742431640625 31.8109130859375 25.06951904296875 17.492431640625 10.9818878173828125 6.339141845703125 2.41904449462890625 0.23157501220703125 -2.26732635498046875 -5.0616607666015625 -9.0490875244140625 -15.4351654052734375 -24.7698822021484375 -34.440155029296875
277.63031005859375 244.9548492431640625 220.309661865234375 316.248291015625 338.854095458984375 351.814483642578125 293.981201171875 254.09576416015625 233.200225830078125 165.493316650390625 128.33441162109375 141.8425140380859375 122.48812103271484375 113.27458953857421875 96.93653106689453125 102.092041015625 89.34107208251953125 98.33805084228515625 92.3046417236328125 85.6508331298828125 76.2047576904296875 69.552764892578125 66.821563720703125 64.2145233154296875 59.231060028076171875 55.934139251708984375 54.2144317626953125 49.2385101318359375 47.7637176513671875 45.02083587646484375 37.034912109375 29.71445465087890625 22.5548248291015625 15.70563507080078125 11.57098388671875 6.4005889892578125 3.00815582275390625 0.33248138427734375 -2.25759124755859375 -4.2990264892578125 -10.80027008056640625 -20.3112640380859375 -31.4566497802734375
305.0093994140625 269.99578857421875 264.27374267578125 209.6960601806640625 217.295623779296875 213.2092132568359375 198.0343780517578125 167.3801727294921875 137.9919586181640625 126.455841064453125 146.1158447265625 137.891357421875 128.6316375732421875 124.19336700439453125 117.7778472900390625 123.4236907958984375 109.17348480224609375 127.591766357421875 146.6762542724609375 124.2552032470703125 86.4376220703125 75.366180419921875 72.7010040283203125 69.8774261474609375 64.08538818359375 60.81708526611328125 59.377300262451171875 54.168361663818359375 53.4688262939453125 50.24237060546875 40.3397216796875 34.1046600341796875 28.27904510498046875 22.881500244140625 18.2141571044921875 12.02500152587890625 7.4105072021484375 3.8729400634765625 1.44454193115234375 -1.0466766357421875 -5.77530670166015625 -12.84429168701171875 -23.5266876220703125
310.26739501953125 295.047332763671875 248.2309417724609375 189.74383544921875 176.366455078125 170.3375396728515625 150.205780029296875 145.007659912109375 165.511566162109375 141.9633026123046875 164.677215576171875 148.355377197265625 141.1926727294921875 140.926177978515625 129.58331298828125 138.095947265625 123.3339080810546875 133.2131195068359375 187.119781494140625 185.53143310546875 127.422149658203125 98.45647430419921875 96.20412445068359375 85.34191131591796875 70.9761199951171875 66.7693634033203125 66.3002471923828125 61.489192962646484375 61.518177032470703125 55.716777801513671875 45.46074676513671875 40.52367401123046875 35.93836212158203125 32.12054443359375 26.8419189453125 18.8221435546875 13.677001953125 10.45569610595703125 6.453033447265625 3.73030853271484375 -0.07614898681640625 -4.19268798828125 -11.03751373291015625
330.172576904296875 307.794830322265625 276.2447509765625 205.3350982666015625 225.495849609375 190.39208984375 193.22564697265625 186.85552978515625 169.0879669189453125 171.3055877685546875 168.065093994140625 174.222259521484375 161.34088134765625 145.615386962890625 141.3283843994140625 143.8084716796875 120.74498748779296875 123.47998809814453125 147.3267059326171875 210.310089111328125 192.897308349609375 190.22955322265625 167.64093017578125 142.5044097900390625 103.027435302734375 73.634918212890625 81.1506195068359375 70.7797393798828125 69.37084197998046875 64.536041259765625 55.79288482666015625 49.642719268798828125 43.9370269775390625 42.26009368896484375 36.72426605224609375 26.90993499755859375 21.7130889892578125 18.50742340087890625 14.803192138671875 10.2176055908203125 5.4362030029296875 3.3071441650390625 -1.59459686279296875
313.26007080078125 264.21978759765625 256.3040771484375 190.285308837890625 250.269378662109375 281.25146484375 250.0223388671875 195.7684478759765625 174.09228515625 192.402862548828125 200.6535491943359375 191.6761474609375 175.87506103515625 158.366424560546875 144.0354766845703125 141.713226318359375 134.97528076171875 129.35906982421875 139.6345062255859375 215.419219970703125 203.41497802734375 217.76837158203125 229.063385009765625 234.7406005859375 198.2630615234375 114.20267486572265625 135.9135894775390625 98.66754150390625 77.8031005859375 67.5441741943359375 66.73056793212890625 63.566314697265625 55.534290313720703125 51.6767578125 46.145477294921875 36.170562744140625 32.05857086181640625 28.68912506103515625 23.6210174560546875 19.1754608154296875 12.8897857666015625 8.928863525390625 4.707427978515625
253.6806488037109375 243.830291748046875 251.1958160400390625 241.0274505615234375 294.1737060546875 276.6998291015625 251.970611572265625 239.506866455078125 185.819549560546875 216.454559326171875 220.7017059326171875 210.9082183837890625 198.47100830078125 177.5208892822265625 145.6606903076171875 173.0447540283203125 159.468719482421875 155.291412353515625 147.230133056640625 191.48834228515625 227.73162841796875 229.8832855224609375 249.1478729248046875 266.970306396484375 252.7997894287109375 163.888885498046875 244.6956634521484375 198.64483642578125 118.77428436279296875 101.6882171630859375 103.5753021240234375 87.9313812255859375 74.4173126220703125 65.1569671630859375 59.5567626953125 50.241199493408203125 44.79651641845703125 39.4414215087890625 33.18848419189453125 28.15663909912109375 21.83000946044921875 15.8393096923828125 11.89690399169921875
330.967041015625 321.780853271484375 293.4801025390625 246.32659912109375 294.287353515625 269.783294677734375 303.33538818359375 276.39788818359375 220.712005615234375 217.9498291015625 251.5045623779296875 215.378143310546875 179.474334716796875 162.7982025146484375 148.28057861328125 178.913604736328125 204.258392333984375 175.931640625 161.7054290771484375 234.556182861328125 246.0883331298828125 245.40863037109375 258.94891357421875 246.297515869140625 204.2019805908203125 207.1950531005859375 258.040283203125 203.09466552734375 229.2672119140625 237.08404541015625 208.5084075927734375 160.8853912353515625 126.5055694580078125 94.46360015869140625 94.1199188232421875 69.432373046875 58.257293701171875 49.656650543212890625 41.952117919921875 36.20017242431640625 29.8542938232421875 22.90320587158203125 19.41027069091796875
296.64306640625 313.81304931640625 322.0662841796875 290.56097412109375 309.42803955078125 251.9238128662109375 247.116973876953125 223.5050048828125 236.4073944091796875 290.981842041015625 301.822784423828125 253.6966552734375 201.3867340087890625 186.40875244140625 168.175018310546875 173.9654998779296875 207.78436279296875 252.526123046875 226.83184814453125 255.6104583740234375 273.24774169921875 273.07550048828125 262.35723876953125 206.131378173828125 227.038818359375 241.41656494140625 240.357818603515625 207.72900390625 262.74749755859375 265.683380126953125 266.78155517578125 254.2573394775390625 223.655487060546875 193.5439453125 171.93548583984375 117.394287109375 76.68903350830078125 60.41582489013671875 52.65360260009765625 44.76290130615234375 37.92581939697265625 32.03115081787109375 28.62502288818359375
278.550994873046875 292.0335693359375 316.95672607421875 338.327972412109375 348.12030029296875 274.6505126953125 231.53448486328125 212.41632080078125 278.104827880859375 335.823974609375 289.040191650390625 391.55731201171875 304.62481689453125 263.57635498046875 222.5028228759765625 178.2672576904296875 257.164337158203125 396.93328857421875 403.01788330078125 402.14752197265625 345.37664794921875 328.1243896484375 331.71197509765625 235.3012847900390625 232.9857177734375 257.694305419921875 249.4561767578125 256.2801513671875 252.48779296875 265.98614501953125 277.79156494140625 269.5284423828125 262.3262939453125 261.95166015625 233.8399658203125 133.04254150390625 85.5007476806640625 73.03000640869140625 65.23090362548828125 54.68863677978515625 47.0666351318359375 42.522613525390625 39.0347442626953125
271.96563720703125 296.361328125 304.1064453125 334.434326171875 358.650970458984375 298.532989501953125 244.2999267578125 236.83074951171875 241.8241119384765625 300.909149169921875 321.83001708984375 456.734283447265625 450.269317626953125 354.45458984375 244.1315155029296875 227.9021453857421875 324.64508056640625 488.71405029296875 431.981201171875 391.2921142578125 333.896026611328125 298.430084228515625 277.275177001953125 267.521270751953125 293.97021484375 319.83465576171875 287.22796630859375 263.5584716796875 266.733978271484375 275.695098876953125 264.15814208984375 278.925079345703125 269.42095947265625 250.442413330078125 240.78863525390625 198.063232421875 96.45794677734375 92.2808990478515625 74.42082977294921875 64.0983734130859375 58.191532135009765625 52.062610626220703125 49.53255462646484375
277.970458984375 300.247314453125 303.01727294921875 330.323699951171875 357.07940673828125 363.27154541015625 276.96319580078125 266.73419189453125 283.94342041015625 280.693267822265625 378.465728759765625 541.89398193359375 503.98944091796875 388.11138916015625 369.33343505859375 289.07073974609375 291.63226318359375 448.102508544921875 580.72271728515625 481.230224609375 427.16656494140625 259.368438720703125 207.9806671142578125 382.441162109375 433.13580322265625 450.389404296875 353.924041748046875 261.02313232421875 309.462158203125 369.1346435546875 359.78253173828125 315.631103515625 269.285858154296875 254.8369293212890625 223.00860595703125 140.899993896484375 115.8485565185546875 140.0381622314453125 99.936767578125 85.49953460693359375 69.5094146728515625 61.015888214111328125 64.64846038818359375
272.618438720703125 288.190673828125 309.584228515625 310.88446044921875 332.644256591796875 362.485382080078125 348.383087158203125 292.973388671875 337.66064453125 368.855712890625 400.60662841796875 439.283538818359375 524.87646484375 532.18487548828125 466.17578125 299.23468017578125 350.16632080078125 481.261260986328125 627.17486572265625 594.33197021484375 453.56842041015625 245.56884765625 294.73455810546875 408.0010986328125 510.855133056640625 532.04541015625 371.914093017578125 314.08648681640625 384.36865234375 421.7425537109375 318.054107666015625 266.627044677734375 203.681732177734375 151.8903350830078125 109.7111358642578125 115.69770050048828125 135.1808929443359375 211.434661865234375 179.015655517578125 140.383758544921875 115.6629638671875 94.67568206787109375 86.01384735107421875
274.765838623046875 279.060272216796875 300.632568359375 317.3076171875 330.72247314453125 320.27801513671875 327.390289306640625 340.725341796875 361.41571044921875 364.89556884765625 368.1314697265625 424.136810302734375 512.6097412109375 608.170166015625 500.72711181640625 312.240142822265625 436.894195556640625 567.32763671875 644.22735595703125 500.988433837890625 289.482177734375 366.1055908203125 484.10467529296875 461.52490234375 564.4368896484375 478.28778076171875 327.294921875 404.429443359375 319.93499755859375 220.40484619140625 176.712005615234375 143.366058349609375 122.705291748046875 117.8182220458984375 109.6433563232421875 123.532745361328125 139.535186767578125 244.0220947265625 261.991943359375 213.324615478515625 225.62335205078125 166.4523162841796875 148.0290069580078125
287.486328125 285.60052490234375 291.663238525390625 291.892547607421875 304.99493408203125 304.54119873046875 326.1297607421875 332.80877685546875 379.763763427734375 403.9512939453125 397.442657470703125 388.174072265625 431.5079345703125 450.678924560546875 435.7840576171875 376.69134521484375 562.74554443359375 656.96124267578125 543.86920166015625 331.2552490234375 322.56060791015625 506.922027587890625 473.428314208984375 455.5595703125 385.89373779296875 289.3446044921875 204.06561279296875 222.967010498046875 203.561492919921875 147.535003662109375 116.94283294677734375 127.55587005615234375 158.2406158447265625 199.6260986328125 143.440582275390625 140.2335357666015625 145.3575439453125 210.675323486328125 271.3206787109375 239.9274139404296875 239.15814208984375 223.9102630615234375 227.5133819580078125
288.98529052734375 300.31414794921875 300.56878662109375 298.48223876953125 293.28143310546875 310.4613037109375 323.85052490234375 319.548736572265625 360.58544921875 421.76422119140625 454.28814697265625 411.2652587890625 432.55780029296875 421.238372802734375 476.257415771484375 523.241943359375 759.30047607421875 718.42022705078125 452.144317626953125 535.71795654296875 566.06646728515625 386.93707275390625 259.36676025390625 246.9945220947265625 200.79461669921875 184.7010650634765625 176.7536163330078125 166.88812255859375 188.422088623046875 128.74609375 148.3167724609375 256.134033203125 304.98565673828125 309.6844482421875 275.8372802734375 161.469268798828125 186.201385498046875 260.1016845703125 272.50433349609375 247.9805450439453125 255.0028076171875 243.6664886474609375 251.1450653076171875
293.74603271484375 292.76544189453125 297.203125 309.878662109375 301.085601806640625 301.5440673828125 308.669403076171875 308.66656494140625 331.57550048828125 372.127410888671875 413.074462890625 455.924163818359375 438.43035888671875 460.9249267578125 465.40350341796875 588.5548095703125 688.16900634765625 686.25982666015625 580.4503173828125 653.2947998046875 487.6246337890625 338.5489501953125 457.952545166015625 247.2200164794921875 180.44866943359375 206.77191162109375 192.70068359375 170.86151123046875 165.67254638671875 143.7585296630859375 191.668792724609375 389.169952392578125 304.723114013671875 271.47320556640625 296.55303955078125 189.02154541015625 238.789306640625 348.02734375 236.6121978759765625 249.5127105712890625 250.0319061279296875 252.2561492919921875 229.7969970703125
316.67218017578125 292.887451171875 295.909423828125 300.59564208984375 298.1383056640625 302.888427734375 309.05975341796875 323.855377197265625 330.965972900390625 354.614837646484375 363.14007568359375 385.2908935546875 387.4495849609375 367.394775390625 393.324859619140625 460.246368408203125 440.750152587890625 621.196044921875 662.05596923828125 681.85162353515625 498.259674072265625 553.03485107421875 454.57379150390625 260.102935791015625 282.8447265625 274.81640625 208.0940093994140625 212.3635711669921875 195.8903656005859375 182.408050537109375 202.017730712890625 340.44244384765625 348.3291015625 209.34423828125 221.273223876953125 216.253814697265625 272.499481201171875 329.906005859375 237.2720184326171875 220.595306396484375 250.4445648193359375 277.9947509765625 235.828460693359375
378.046966552734375 342.095947265625 339.88623046875 311.042724609375 310.78692626953125 303.46636962890625 311.1636962890625 324.79364013671875 334.94281005859375 323.75634765625 342.659027099609375 349.2615966796875 367.404388427734375 387.659881591796875 388.38824462890625 394.510223388671875 411.667144775390625 472.1051025390625 473.7567138671875 570.66729736328125 617.78076171875 637.26123046875 374.530181884765625 394.219482421875 492.204864501953125 362.6007080078125 250.0825042724609375 225.276702880859375 277.3602294921875 254.935577392578125 210.03814697265625 268.0892333984375 281.985992431640625 258.044464111328125 275.515350341796875 230.6455841064453125 286.62506103515625 251.412200927734375 184.9476470947265625 177.20458984375 141.485076904296875 180.8249664306640625 210.6756591796875
