Gravel-Miguel/LCP_maps/DEM.asc
ncols        324
nrows        222
xllcorner    -2137390.001029999927
yllcorner    -1064663.537894296227
cellsize     1000.303962438272
[rows 160 to 179 of 222, columns 0 to 42 of 324]
1720.0252685546875 1620.92138671875 1429.9447021484375 1344.4171142578125 1436.697265625 1432.5677490234375 1467.9932861328125 1463.419921875 1493.5142822265625 1449.7684326171875 1389.5185546875 1284.1942138671875 1243.249267578125 1211.6761474609375 1197.2169189453125 1158.1209716796875 1140.3072509765625 1171.112060546875 1155.90478515625 1147.9088134765625 1145.2877197265625 1129.948486328125 1116.809814453125 1134.497802734375 1132.963623046875 1096.369140625 1086.7998046875 1074.551513671875 1061.49462890625 1058.21630859375 1077.43505859375 1053.865478515625 1028.80078125 1016.68060302734375 989.6759033203125 1001.49066162109375 1052.60498046875 1082.6719970703125 1082.8594970703125 1079.739501953125 1062.4144287109375 1031.234375 1036.123046875
1682.7564697265625 1648.3614501953125 1525.64013671875 1409.111328125 1350.73095703125 1368.190185546875 1373.6943359375 1376.2784423828125 1398.55615234375 1451.9190673828125 1497.4102783203125 1383.59033203125 1268.566650390625 1216.2208251953125 1184.7333984375 1150.6951904296875 1127.56787109375 1143.822509765625 1147.6495361328125 1136.163330078125 1128.116455078125 1125.23095703125 1103.646728515625 1091.74365234375 1100.712890625 1087.93212890625 1070.0927734375 1069.137939453125 1071.97119140625 1078.2869873046875 1068.07666015625 1056.3251953125 1022.769287109375 999.60723876953125 979.22296142578125 1015.676025390625 1067.4146728515625 1070.0587158203125 1072.848876953125 1074.995849609375 1074.182861328125 1050.1875 1014.37799072265625
1562.2808837890625 1618.5767822265625 1564.2989501953125 1458.797119140625 1335.0328369140625 1299.2303466796875 1318.063232421875 1322.67333984375 1333.077880859375 1390.0084228515625 1404.23828125 1426.9019775390625 1386.7779541015625 1282.419189453125 1218.2838134765625 1172.531005859375 1131.663330078125 1112.68701171875 1117.797607421875 1118.1796875 1108.8037109375 1119.08984375 1104.69140625 1083.885498046875 1062.88330078125 1053.196044921875 1041.4127197265625 1062.9659423828125 1044.814208984375 1044.6124267578125 1040.7099609375 1011.64605712890625 999.44073486328125 988.078125 980.37066650390625 1019.50250244140625 1058.1165771484375 1055.1697998046875 1064.821533203125 1064.859375 1067.7822265625 1063.2265625 1014.6759033203125
1475.70361328125 1491.8660888671875 1480.10791015625 1410.18310546875 1367.5589599609375 1283.66162109375 1256.8515625 1283.257080078125 1319.6234130859375 1330.2674560546875 1345.6240234375 1391.835693359375 1474.858154296875 1379.6522216796875 1288.6219482421875 1200.7664794921875 1150.0167236328125 1116.3868408203125 1098.6614990234375 1087.1109619140625 1077.7171630859375 1082.3919677734375 1092.117431640625 1088.707275390625 1073.382568359375 1045.3433837890625 1025.028564453125 1035.21728515625 1043.904541015625 1029.109619140625 1033.7777099609375 1027.262451171875 999.6160888671875 971.908203125 979.42987060546875 1010.4151611328125 1040.256103515625 1046.9952392578125 1057.698486328125 1053.679443359375 1059.176513671875 1058.4267578125 1031.41455078125
1689.5284423828125 1477.403076171875 1403.896484375 1356.5084228515625 1340.8111572265625 1294.5272216796875 1301.19482421875 1247.939697265625 1268.1312255859375 1284.5821533203125 1332.49755859375 1316.2711181640625 1339.0457763671875 1330.7686767578125 1339.978271484375 1291.2327880859375 1196.7435302734375 1144.9691162109375 1121.3846435546875 1088.680908203125 1063.009765625 1051.863037109375 1055.985595703125 1070.905029296875 1069.12841796875 1066.13330078125 1038.189208984375 1004.63385009765625 991.0430908203125 991.904296875 988.01397705078125 984.62042236328125 987.54864501953125 969.9857177734375 966.98870849609375 992.28375244140625 1024.6917724609375 1052.767333984375 1051.2716064453125 1044.05615234375 1052.9461669921875 1046.5556640625 1044.5255126953125
1743.1058349609375 1607.9617919921875 1600.9835205078125 1518.625 1438.583740234375 1357.3765869140625 1330.1314697265625 1290.8497314453125 1224.793701171875 1248.364990234375 1281.79248046875 1262.777099609375 1263.4727783203125 1283.16455078125 1324.6470947265625 1370.5667724609375 1288.4456787109375 1190.72509765625 1136.9598388671875 1101.05615234375 1074.553955078125 1060.1751708984375 1040.958740234375 1037.8011474609375 1046.2772216796875 1049.6729736328125 1035.9326171875 1021.7178955078125 1000.1810302734375 979.42633056640625 976.66522216796875 986.91815185546875 982.85577392578125 964.129150390625 961.0177001953125 980.8944091796875 1021.08740234375 1047.446044921875 1043.1949462890625 1043.329345703125 1037.473876953125 1037.2005615234375 1039.411865234375
1943.7626953125 1907.0333251953125 1757.588623046875 1742.6885986328125 1608.659912109375 1482.552734375 1347.6328125 1283.5797119140625 1235.4503173828125 1227.849365234375 1251.2491455078125 1232.729248046875 1229.951171875 1257.3348388671875 1285.1522216796875 1348.5050048828125 1340.855712890625 1253.0955810546875 1171.623779296875 1124.673095703125 1096.283447265625 1066.97412109375 1048.59326171875 1029.5841064453125 1018.99517822265625 1027.779052734375 1019.43994140625 1014.3359375 1019.842041015625 989.304931640625 967.51953125 966.39459228515625 973.58453369140625 955.62249755859375 956.4730224609375 972.206298828125 1019.5283203125 1038.098388671875 1035.256103515625 1041.8809814453125 1019.46051025390625 1034.71533203125 1014.650146484375
1813.97412109375 2020.635009765625 2036.3983154296875 1922.8671875 1708.3314208984375 1488.9879150390625 1367.8507080078125 1300.8763427734375 1262.6923828125 1218.792724609375 1190.6402587890625 1192.96240234375 1202.9324951171875 1238.4541015625 1262.9954833984375 1264.646240234375 1285.5909423828125 1276.181396484375 1198.1192626953125 1146.1138916015625 1101.466552734375 1076.869140625 1047.2802734375 1028.964599609375 1009.47467041015625 1008.98370361328125 1022.1475830078125 1002.1778564453125 995.04095458984375 997.6973876953125 978.71856689453125 966.17193603515625 959.01678466796875 951.346435546875 952.255126953125 964.278564453125 1009.8192138671875 1026.2955322265625 1023.91351318359375 1033.26318359375 1011.0736083984375 1021.44378662109375 996.94976806640625
1793.5830078125 1995.8199462890625 2227.142822265625 1967.2161865234375 1694.3145751953125 1507.1646728515625 1423.82958984375 1361.44970703125 1299.4803466796875 1255.5556640625 1221.6717529296875 1173.0653076171875 1188.6072998046875 1211.9166259765625 1228.4066162109375 1219.01806640625 1213.2186279296875 1214.1414794921875 1200.40625 1169.998046875 1109.73291015625 1073.330810546875 1055.5260009765625 1054.0689697265625 1024.841552734375 1003.235595703125 999.36663818359375 1000.3291015625 992.41351318359375 990.55511474609375 979.94879150390625 974.87286376953125 963.3604736328125 947.4664306640625 946.97564697265625 963.23687744140625 1010.47467041015625 1028.3797607421875 1014.75836181640625 1024.2501220703125 993.789306640625 1007.8980712890625 1000.994140625
1613.4979248046875 1834.3275146484375 2067.4228515625 2027.7137451171875 1790.1005859375 1580.47998046875 1458.6793212890625 1365.861083984375 1306.2095947265625 1262.7032470703125 1239.389892578125 1182.211181640625 1167.9163818359375 1182.512939453125 1186.684326171875 1189.4287109375 1187.605224609375 1177.21533203125 1164.6898193359375 1167.574462890625 1126.607666015625 1087.1513671875 1059.17919921875 1040.83935546875 1028.515869140625 1017.8858642578125 991.54541015625 987.3076171875 978.46685791015625 980.84527587890625 977.20306396484375 976.16156005859375 972.69476318359375 947.071533203125 943.85540771484375 959.48687744140625 1016.0823974609375 1021.4501953125 999.91497802734375 1006.42303466796875 991.0291748046875 992.68572998046875 968.5396728515625
1598.684326171875 1702.0281982421875 1851.7608642578125 2044.7998046875 1928.059814453125 1708.7071533203125 1549.8876953125 1400.611572265625 1330.716552734375 1259.05810546875 1238.612060546875 1198.3873291015625 1148.5906982421875 1164.0430908203125 1185.034912109375 1165.0833740234375 1165.332275390625 1152.26171875 1142.12744140625 1149.0579833984375 1146.330810546875 1133.44189453125 1079.8515625 1060.244873046875 1050.012939453125 1028.49267578125 1031.902587890625 1012.69342041015625 1007.41314697265625 1004.871826171875 981.20672607421875 983.70330810546875 964.1146240234375 947.170654296875 940.5291748046875 958.71636962890625 992.8060302734375 1005.736572265625 989.9136962890625 987.51068115234375 968.73919677734375 979.327880859375 948.95147705078125
1634.1082763671875 1658.072265625 1801.0079345703125 1992.4534912109375 1958.19140625 1758.284423828125 1587.4310302734375 1525.022705078125 1373.713623046875 1263.998779296875 1204.6536865234375 1188.453857421875 1151.2484130859375 1124.65478515625 1150.9234619140625 1153.244873046875 1143.1849365234375 1128.731689453125 1120.746826171875 1132.0750732421875 1151.1502685546875 1171.9515380859375 1130.244384765625 1088.46484375 1065.2965087890625 1048.337646484375 1052.545654296875 1033.19677734375 1022.80108642578125 1006.5299072265625 1002.90985107421875 996.11920166015625 979.67822265625 958.94622802734375 937.03839111328125 934.77947998046875 942.0421142578125 979.59912109375 995.68621826171875 958.6556396484375 952.44281005859375 950.40582275390625 934.77398681640625
1606.84521484375 1577.376953125 1710.74853515625 1874.3634033203125 1817.1669921875 1683.036376953125 1510.9647216796875 1450.9481201171875 1325.928955078125 1258.2261962890625 1224.9659423828125 1206.154296875 1183.84033203125 1150.2889404296875 1122.453369140625 1134.079833984375 1156.6961669921875 1118.928955078125 1098.9661865234375 1105.89013671875 1127.170166015625 1154.3690185546875 1171.8572998046875 1131.689208984375 1091.288330078125 1061.986083984375 1042.164306640625 1026.3984375 1011.82720947265625 991.18902587890625 987.68646240234375 980.701904296875 976.6815185546875 957.67138671875 939.45281982421875 928.85748291015625 925.81793212890625 953.1414794921875 995.90447998046875 968.0482177734375 945.45947265625 938.63671875 926.61309814453125
1540.922119140625 1423.46435546875 1593.5142822265625 1795.7789306640625 1753.63330078125 1720.323974609375 1542.3994140625 1420.1412353515625 1374.2342529296875 1303.0009765625 1243.0301513671875 1234.26806640625 1191.4306640625 1154.7471923828125 1125.7061767578125 1096.2650146484375 1128.686767578125 1131.205322265625 1093.9208984375 1079.601318359375 1101.281494140625 1119.712890625 1147.7899169921875 1161.478271484375 1107.859130859375 1067.6884765625 1036.038330078125 1019.82977294921875 1018.770263671875 1002.38079833984375 971.9696044921875 959.2772216796875 958.1285400390625 953.4208984375 940.6417236328125 927.21234130859375 923.8125 927.9219970703125 971.240478515625 1000.1478271484375 952.5081787109375 925.5491943359375 922.3289794921875
1568.3843994140625 1460.8546142578125 1505.414306640625 1738.9588623046875 1752.9326171875 1678.6729736328125 1593.5093994140625 1511.9105224609375 1515.7314453125 1384.1427001953125 1285.9132080078125 1231.197265625 1190.6875 1162.48388671875 1141.203369140625 1098.898681640625 1083.4287109375 1111.4501953125 1116.345458984375 1080.11279296875 1076.4482421875 1078.396728515625 1108.689697265625 1142.02685546875 1140.6302490234375 1100.669921875 1059.27392578125 1020.61444091796875 990.78204345703125 980.62884521484375 964.579345703125 949.80792236328125 946.232177734375 942.52301025390625 936.86279296875 923.06756591796875 920.2373046875 918.61688232421875 931.728271484375 961.4381103515625 930.5665283203125 918.445556640625 919.48907470703125
1406.6768798828125 1414.635498046875 1360.56201171875 1601.8846435546875 1646.0948486328125 1613.763427734375 1665.6048583984375 1647.3182373046875 1684.0120849609375 1531.11181640625 1340.8631591796875 1238.3953857421875 1186.354248046875 1144.9847412109375 1133.86279296875 1104.7371826171875 1079.15771484375 1071.461181640625 1101.6109619140625 1097.773681640625 1062.8001708984375 1054.548583984375 1066.0859375 1077.2027587890625 1100.52490234375 1104.406982421875 1074.1044921875 1046.055908203125 1018.93212890625 986.4124755859375 959.3265380859375 946.96453857421875 939.2520751953125 935.60675048828125 933.37994384765625 923.61102294921875 917.05535888671875 916.14398193359375 913.35235595703125 927.67431640625 916.27001953125 915.4476318359375 915.49639892578125
1442.271484375 1364.49658203125 1330.8994140625 1403.694091796875 1464.318603515625 1370.093017578125 1557.1123046875 1694.787353515625 1768.892578125 1644.3128662109375 1377.260009765625 1250.0677490234375 1187.643798828125 1161.37109375 1129.9197998046875 1100.662109375 1078.2919921875 1059.4140625 1054.726806640625 1073.9454345703125 1070.85791015625 1039.430908203125 1031.769287109375 1028.120361328125 1051.6385498046875 1058.3231201171875 1059.4111328125 1052.7974853515625 1028.2557373046875 1008.8626708984375 964.1312255859375 950.6234130859375 941.04412841796875 933.35382080078125 930.0069580078125 924.05615234375 914.37109375 913.31396484375 912.63330078125 914.69793701171875 913.1080322265625 912.37060546875 912.96844482421875
1486.127197265625 1447.0340576171875 1339.9639892578125 1311.3662109375 1320.090087890625 1243.58203125 1406.9130859375 1595.84912109375 1621.9783935546875 1581.4769287109375 1378.9154052734375 1289.0111083984375 1224.2225341796875 1162.5848388671875 1115.77783203125 1099.8187255859375 1076.3126220703125 1061.9296875 1050.423828125 1043.610107421875 1055.806396484375 1054.565673828125 1031.455078125 1003.35693359375 994.4698486328125 994.17791748046875 1022.04425048828125 1032.953369140625 1020.602783203125 1003.34185791015625 987.20782470703125 980.33782958984375 982.48919677734375 947.99615478515625 926.59515380859375 922.249267578125 913.21435546875 910.16949462890625 909.16607666015625 908.8450927734375 910.6248779296875 909.50323486328125 909.238525390625
1298.8438720703125 1399.767578125 1490.41796875 1319.1690673828125 1306.1376953125 1228.55419921875 1298.00390625 1417.2799072265625 1596.5701904296875 1496.133056640625 1497.93115234375 1447.952880859375 1286.053466796875 1173.6171875 1098.3714599609375 1084.5693359375 1079.1572265625 1054.687255859375 1050.70458984375 1037.04443359375 1023.0045166015625 1018.9100341796875 1022.850341796875 1019.883056640625 1003.21807861328125 979.36932373046875 973.70050048828125 982.32012939453125 989.95989990234375 983.19390869140625 976.8704833984375 971.08203125 971.85626220703125 951.8741455078125 928.1494140625 917.96527099609375 910.63751220703125 906.71063232421875 907.20465087890625 907.49737548828125 908.068603515625 905.900634765625 907.25244140625
1195.7220458984375 1275.40185546875 1379.5238037109375 1292.854248046875 1224.1156005859375 1171.73974609375 1214.6092529296875 1266.5478515625 1455.8680419921875 1511.4688720703125 1506.3905029296875 1480.576171875 1313.5634765625 1222.6771240234375 1094.9923095703125 1068.867431640625 1069.9422607421875 1054.05224609375 1041.284912109375 1034.439697265625 1024.95263671875 1015.12725830078125 1006.0809326171875 1000.21002197265625 991.288818359375 979.79132080078125 971.465576171875 963.2716064453125 955.17291259765625 955.25946044921875 954.97381591796875 975.81182861328125 968.93011474609375 944.97833251953125 927.9693603515625 914.674560546875 907.97332763671875 903.39697265625 903.99237060546875 903.952392578125 904.63470458984375 902.78570556640625 904.303466796875
