Snitker/DATA/rasters/navarres_wind_30m_ang.asc
NCOLS 681 
NROWS 460 
XLLCORNER 688715.167550153 
YLLCORNER 4318413.43839553 
CELLSIZE 30 
NODATA_value -3.4e+38 
[rows 0 to 27 of 460, columns 63 to 125 of 681]
10.55778 11.418335 7.697226 309.77594 351.83667 343.83667 338.697235 336.2789 334.860565 335 337.7211 335.7211 331.7211 331 333.139435 335.139435 336 337.7211 340.44223 340.7211 341 343.2789 347.418335 351.2789 353.139435 351.581665 347.581665 343.860565 343 344.139435 343.2789 340.2789 338.55777 339.697235 342.55777 346.55777 351.2789 353.7211 354.581665 354.860565 354.139435 351.2789 347.55777 344.83667 343.11557 340.39444 337.533905 335.533905 335.533905 335.39444 337.83667 342.2789 350.860565 50.781845 7.581665 9.72111 9.860555 8.139445 6.418335 6.55778 8.697225 10.697225 13.27889
14.418335 14.139445 12.139445 6.278892 357.418335 349.55777 343.697235 338.418335 334.418335 335.139435 335.860565 333.860565 330.2789 331.139435 334.139435 336.139435 336.139435 336.139435 337.139435 339.139435 341.2789 345.139435 349.860565 353 353.7211 348.7211 344.581665 342.581665 342.860565 344.860565 345 342.418335 342.55777 344.83667 347.11557 350.697235 353.139435 352 352 354 355 353.139435 351.2789 350.418335 350.55777 349.83667 348.11557 346.39444 346.255005 344.976105 343.697235 344.697235 350.55777 308.078705 5 7.860555 8.860555 9 9.27889 10.418335 13.418335 15.139445 14.860555
17.278891 15.139445 12.860555 7.721112 359.860565 353 348 341.55777 338.255005 337.11557 335.83667 333.697235 332.83667 332.697235 335.418335 337.418335 337.55777 337.418335 338.418335 340.55777 343.139435 346 349 352.860565 351.581665 346.581665 341.7211 340 341.860565 343.7211 344.7211 345.139435 346.697235 350.83667 354.55777 355.2789 354 352 352.139435 354.2789 355.418335 354.418335 353.418335 353.2789 354.139435 355.2789 355.55777 305.49704 354.55777 351.55777 348.83667 349.976105 304.636475 0.55778 5.27889 7.139445 8.139445 9.139445 11.27889 13.27889 16.139444 16 14
18.581665 15.72111 11.581665 5.442222 358.44223 352.581665 348 345.55777 346.697235 344.83667 341.976105 339.11557 338.83667 337.83667 338.83667 340.83667 341.697235 340.55777 341.55777 344.418335 344.139435 345.860565 349 351.581665 348.581665 343.860565 340.139435 340.2789 341.418335 342.2789 343 346 351.2789 356.2789 358.139435 356.860565 354 352.139435 353.2789 356.139435 358 357.2789 356.2789 355.2789 355.139435 357.139435 359 0.000002 308.21814 305.636475 305.05481 307.33371 1.255005 4.697225 7.27889 8.139445 9.27889 10.418335 13.418335 15.418335 17.278891 16.139444 14
15.302775 13.302775 8.16333 51.363514 354.581665 350.139435 348.2789 349.418335 351.418335 350.55777 348.697235 346.976105 345.11557 343.83667 344.83667 346.83667 346.697235 344.697235 345.55777 347.2789 345.139435 344.860565 348.581665 348.7211 346.139435 343.2789 341.418335 342.697235 344.697235 344.55777 343.139435 345.860565 352.44223 357.302765 358.44223 355.7211 354 353.418335 355.418335 357.139435 358 358.860565 358 357.2789 356.55777 308.21814 309.078705 0.418335 1.697225 2.394449 4.812784 8.394449 9.83667 9.55778 9.27889 9.27889 11.27889 13.27889 16.139444 18.139444 19.139444 17 13.72111
10.16333 57.945175 51.805733 355.16333 351.860565 351.139435 350.55777 352.55777 354.418335 354.418335 353.55777 353.697235 352.976105 350.255005 350.83667 352.55777 351.418335 349.2789 349 348.860565 346 344 345.7211 346.7211 346.860565 345.139435 344.418335 347.697235 349.83667 348.55777 344.418335 345.139435 348.581665 352.16333 354.023895 353.581665 354 356.139435 358.139435 358.2789 358 357.581665 357.7211 308.93927 310.357605 1.697225 1.83667 3.976115 7.533895 12.67334 17.255005 17.697226 15.418335 13.27889 11.27889 11.418335 13.27889 15.139445 17 18.860556 19.721109 16.581665 11.44222
54.084625 358.32666 351.60556 349.16333 350.581665 352.139435 354.2789 356.418335 357.418335 307.357605 307.49704 308.636475 309.636475 308.77594 306.77594 356.418335 354 350.7211 348.7211 348 346.139435 344.139435 343.860565 344.7211 345.581665 345.7211 347.139435 352.2789 355.139435 352.2789 347.697235 346.83667 346.697235 347.2789 348 350.7211 353.581665 356.302765 358.023895 359.16333 357.44223 354.860565 356.139435 0.418335 4.697225 6.697225 7.976115 11.255005 17.976114 23.418335 25 22 18 15.27889 13.418335 14.27889 15.139445 16.139444 16.860556 17.721109 17.581665 13.44222 7.581665
355.744995 346.744995 342.023895 343.302765 347.7211 353 356.139435 309.078705 310.078705 1.27889 2.55778 4.418335 5.27889 5.418335 3.697226 309.357605 354.418335 349.2789 347.2789 348.2789 347.2789 345.139435 343 342.581665 342.302765 343.16333 347.302765 353.16333 355.16333 353.860565 352.697235 302.915375 302.194275 350.255005 348.976105 349.55777 351.139435 351.860565 351.581665 352.744995 352.88443 353.860565 307.357605 3.55778 9.139445 11.418335 14.697225 19.418335 23.860556 25.581665 24.581665 21.860556 18.139444 17.139444 16.139444 16.139444 16 17 16.139444 15.860555 14.44222 9.581665 4.581666
347.16333 338.581665 335.7211 338.7211 345.860565 353 357.139435 1 1.860555 2.72111 5.581665 6.581665 6.581665 7.72111 8 3.418336 307.21814 351.697235 349.83667 350.697235 349.2789 346 342.860565 339.7211 337.7211 337.581665 342.023895 346.60556 348.744995 352.44223 307.21814 1.11556 1.976116 308.77594 305.636475 353.55777 352.418335 351.697235 349.55777 345.2789 345.581665 352.302765 51.060738 7 10 14.27889 19.418335 22.139444 22.860556 22.721109 21.860556 21 19.139444 18.139444 17.139444 17.278891 16.418335 17.557779 17.278891 14.860555 10.72111 6.44222 51.642403
341.581665 336.139435 334.55777 337.83667 345.418335 353 357.860565 50.921291 50.781845 50.781845 52.642403 53.642403 3.581665 5.72111 7.860555 6 0.418336 306.636475 305.915375 305.636475 351.55777 346.2789 342 338.2789 336.418335 335.139435 335.44223 337.16333 340.16333 348.302765 49.781845 7.72111 8.139445 5.27889 1.418336 307.21814 355.697235 306.49704 353.83667 347.976105 343.976105 348.418335 359.581665 6.72111 10.418335 16.418335 22.139444 23.278891 22.139444 21.139444 21 21 20 19.139444 18.418335 19.697226 19.976114 21.83667 19.557779 14.139445 8.72111 52.363514 357.16333
338.7211 337.139435 338.83667 344.255005 348.697235 353 356.7211 358.44223 357.581665 357.581665 358.581665 359.581665 50.921291 3.72111 6.581665 5.72111 3.139445 2.418335 3.418335 1.418337 355.697235 348.55777 342.2789 340.2789 339.55777 336.697235 332.55777 332.2789 335.418335 344 356.023895 55.084621 8.302775 6.860555 4 0.418336 310.078705 1.139446 309.21814 354.83667 351.11557 352.11557 307.49704 5.418335 13.27889 19.418335 23.278891 25.278891 23.697226 22.557779 21.418335 21 20.139444 20.418335 21.557779 24.83667 26.976114 27.83667 23.418335 14.860556 56.084625 356.16333 351.581665
336.7211 338.2789 344.697235 352.55777 353.55777 353.2789 354.7211 354.581665 354.581665 354.581665 355.7211 356.7211 358.860565 51.921291 3.581665 3.860555 4 5 5.860555 4.000001 309.93927 352.418335 344.697235 342.55777 343.418335 341.55777 337.11557 335.255005 338.83667 344.139435 349.581665 356.88443 52.945179 55.36351 3.860555 3.139445 2.139445 2.139445 2.278892 310.357605 308.77594 309.915375 3.394449 8.976114 15.55778 22.418335 25.557779 27.418335 28.418335 26.418335 24.278891 21.278891 21.278891 23.418335 25.418335 30.139444 32.860554 32.442219 25.302774 12.884442 357.744995 350.302765 348.581665
334.860565 340.139435 349.139435 355.860565 357 355.139435 352.860565 351.581665 351.581665 351.581665 353.44223 354.7211 357.581665 359.581665 51.060738 2.860555 4 5 4.860555 3.581665 50.781849 355.139435 349.697235 346.83667 346.55777 345.418335 344.55777 344.11557 345.11557 345.55777 347.139435 349.581665 353.88443 358.744995 52.502956 3.860555 3.27889 3.27889 4.418335 4.83667 5.976115 8.255005 13.11556 16.255005 19.83667 25.557779 29.418335 30.278891 30.860556 28.721109 25.721109 22.860556 22.721109 25.442221 27.16333 29.605551 30.32666 27.187216 19.32666 54.805733 349.44223 345.7211 345.581665
334.83667 341.55777 349.860565 354.581665 356.302765 355.44223 351.860565 349 348.860565 348.7211 349.581665 352.44223 354.581665 356.7211 359.7211 1.860555 4 5 3.72111 50.921295 357.7211 356 354.418335 352.83667 350.55777 348.418335 348.55777 351.697235 352.83667 349.83667 348.55777 347.139435 346.860565 350.44223 356.88443 52.502956 4.860555 5.418335 7.697225 10.83667 12.976114 16.697226 20.83667 24.976114 25.976114 29.697226 32.418335 32.278889 29.860556 26.581665 23.442221 21.581665 20.442221 21.16333 20.744995 19.605551 18.32666 14.326661 57.66629 355.023895 345.7211 343.7211 342.7211
340.83667 345.418335 348.860565 351.44223 351.302765 351.44223 350.581665 348.860565 348 347 346.860565 348.581665 351.7211 354.7211 357.860565 1 3.860555 4.72111 1.860557 358.860565 356.139435 356.2789 307.357605 308.21814 354.55777 351.697235 352.55777 356.418335 308.21814 305.636475 352.697235 348.697235 346.697235 347.2789 349.7211 357.302765 3.72111 8.27889 12.55778 16.83667 19.697226 21.697226 26.697226 31.697226 32.83667 34.557781 35.278889 33.860554 28.581665 23.302774 19.16333 18.302774 16.721109 15.581665 12.302775 10.023886 57.084621 53.084625 356.744995 348.023895 343.44223 341.581665 340.581665
345.7211 347.581665 347.44223 347.16333 346.44223 347.581665 347.860565 348 348.139435 347 345.7211 345.860565 349.860565 353 357 1 2.860555 2.72111 50.921295 358.139435 357.2789 308.357605 1.418335 1.418336 308.49704 306.636475 306.49704 309.21814 1.27889 1.557781 307.636475 353.83667 351.55777 349.55777 348.55777 353.2789 1.860555 9.860555 16.418335 22.697226 24.697226 26.557779 31.418335 36.139446 38 37.860554 36.442219 31.884439 24.884439 18.302774 13.44222 13.302775 14.581665 12.72111 7.72111 53.642403 359.44223 355.16333 348.023895 341.302765 339.302765 338.44223 337.581665
343.16333 344.023895 343.16333 341.581665 342.7211 344.7211 346.7211 348 349 347.139435 344.2789 345 348.860565 352.860565 356.860565 50.781845 51.642403 50.781849 359 309.078705 309.357605 2.55778 4.418335 4.55778 3.418335 2.418335 1.697225 2.83667 3.55778 5.27889 3.557781 309.77594 305.77594 353.697235 352.976105 305.77594 1.418335 8.860555 18.581665 26.721109 29.139444 30.418335 34.278889 37 37.721111 36.442219 32.16333 24.023886 17.16333 13.44222 10 8.860555 11.302775 10.44222 5.721112 360 355.581665 349.302765 341.581665 336.860565 335.139435 334.860565 334.7211
337.581665 337.581665 337.581665 338.7211 340.860565 342.860565 344.7211 347.581665 348.581665 347.860565 346.418335 345.55777 348.139435 351.581665 355.302765 357.16333 357.44223 357.7211 359.139435 1.418335 3.697225 6.418335 7.418335 8.27889 6.27889 5.418335 6.83667 8.83667 7.697225 7.418335 7.418335 6.836669 3.115561 308.77594 309.636475 2.83667 4.55778 8 15.581665 24.581665 30.139444 33.418335 36.418335 37.139446 35.721111 32.442219 26.302774 17.442221 11.581665 9.860555 10 8.139445 6.72111 6.302775 3.721112 359.7211 352.302765 344.023895 338.581665 336 336.139435 334.2789 333
335 334.860565 335 337 340 341.860565 342.7211 344.302765 345.16333 346.44223 349 349.55777 349.418335 348.860565 350.44223 351.44223 353.581665 356 309.93927 4.139445 7.72111 8.72111 9.72111 10 8.55778 8.976114 12.83667 14.697225 12.557779 10.418335 10.27889 12.139445 10.557779 6.11556 5.83667 8.55778 8.697225 8.55778 13.139445 22.139444 31.139444 36.278889 39.278889 38.139446 33.721111 28.442221 21.302774 13.581665 9.139445 9.139445 10 9 5 51.921291 51.363514 356.88443 347.16333 337.44223 335.581665 336 337.139435 336.139435 333.139435
335 334 335.139435 337.139435 340 340.860565 340.860565 340 340 343 348.860565 353 352.2789 348.55777 347.139435 347.860565 351.139435 356.139435 1 4.72111 5.581665 6.44222 7.72111 10.139445 12.83667 15.83667 18.557779 19.278891 16.139444 13 11.860555 13 14.418335 13.83667 11.976114 12.83667 13.697225 12.976114 15.11556 23.697226 32.418335 38.278889 41 38.581665 31.302774 24.302774 16.721109 11.139445 10.418335 10.27889 9.860555 8.581665 4.860557 359.581665 354.88443 348.60556 341.023895 333.860565 333.2789 336.139435 338.139435 337 334
335.2789 334.418335 336.2789 338.2789 340 339.860565 339.7211 339.860565 340.2789 343.55777 348.418335 353.139435 354.418335 352.83667 349.11557 347.976105 352 356.7211 50.921291 2.581666 52.781845 2.72111 6 11.27889 18.139444 21 21.860556 20.860556 17.139444 13.418335 11.55778 13.55778 17.557779 19.697226 18.976114 18.976114 19.255005 20.533894 23.67334 29.394449 35.697224 39.860554 40.302776 35.16333 26.302774 19.721109 15.27889 12.55778 13.27889 12 8.860555 5.72111 53.50296 356.16333 347.16333 339.16333 334.302765 332.860565 335.139435 337.139435 339 337 334.139435
337.55777 337.697235 338.55777 340.139435 340 338.860565 337.581665 338.44223 341.7211 347 351.2789 354.55777 307.357605 308.357605 306.636475 304.77594 352.697235 355.139435 358.7211 49.921295 359.581665 50.781845 5.72111 12.72111 18.302774 20.442221 20.860556 20.418335 18.976114 17.394449 16.394449 17.976114 21.278891 24.278891 25.83667 26.394449 28.67334 31.67334 35.255005 38.697224 40 38.581665 35.442219 29.581665 21.721109 18 17.278891 16.278891 15 12 7.860555 3.581667 358.16333 350.023895 341.302765 333.7211 330 331.860565 335.7211 338 338.860565 336.7211 335
341.55777 342.55777 342.418335 341.139435 340 338 335.2789 335.139435 339.581665 346.44223 353 358.139435 0.860555 1.860555 2.139445 1.418336 307.77594 306.77594 307.357605 357.860565 356.7211 357.860565 3.72111 10.16333 13.023886 16.302774 20.418335 24.255005 26.533894 27.255005 25.83667 24.418335 23.278891 26.278891 31.697226 36.115559 39.83667 42.418335 43.278889 42.860554 39.581665 35.581665 31.581665 26.302774 19.581665 17.860556 18.860556 17.860556 15 11.72111 6.581666 50.50296 352.44223 343.7211 336.860565 332.139435 330.2789 331 333.7211 337.44223 337.581665 334.860565 335
345.139435 346.139435 345.139435 342.418335 340.2789 338.418335 337.697235 336.697235 337.418335 343.2789 353 358.581665 49.781845 50.921291 3 4.139445 4.418335 3.697225 1.697226 307.357605 355.418335 307.21814 2.139445 4.72111 6.581665 11.860555 23.278891 32.418335 36.278889 35.278889 31.278891 27.557779 25.83667 28.697226 36.418335 43.278889 45.139446 45.278889 45.139446 42.139446 36.721111 32.302776 28.302774 21.442221 16.581665 16.721109 18 17 14.72111 9.442221 53.363514 355.302765 348.7211 342.139435 336.55777 333.697235 332.55777 331.55777 332.2789 333.860565 334.7211 334 335.2789
346 346.860565 346.139435 345.139435 342.418335 341.697235 342.697235 341.697235 340.83667 345.55777 352.7211 355.581665 357 309.21814 3.139445 5 6.860555 8 6.55778 2.115561 308.915375 0.418335 3 3.27889 4.55778 11.697225 25.418335 35 38 37.557781 33.976116 32.255005 32.255005 33.976116 39.557781 45.139446 46.278889 47.139446 46.278889 43.278889 34.860554 27.581665 23.581665 17.860556 14 15 17.721109 16.16333 11.88444 55.363514 357.44223 350.860565 346.860565 343.139435 340.55777 338.976105 337.11557 335.976105 334.83667 333.697235 333.55777 334.418335 337.2789
346 346 346.860565 346 345.2789 346.418335 347.418335 346.55777 346.55777 349.139435 350.860565 353 357.2789 2.27889 4.139445 5 5.860555 8 10.27889 9.83667 7.11556 3.55778 3.139445 5.55778 9.255005 17.255005 28.83667 35.976116 39.255005 42.255005 41.255005 41.255005 40.976116 40.83667 43.418335 46.418335 48.139446 47.721111 47.442219 44.302776 33.442219 24.581665 20.721109 17.139444 14.27889 15 15.302775 9.88444 54.084625 359.16333 353.7211 349.860565 346 344 344.139435 345.2789 344.55777 342.697235 340.83667 338.976105 337.83667 337.55777 339.2789
345.860565 346 346.139435 346.418335 347.55777 349.2789 350.139435 350.55777 350.83667 350.55777 350.2789 353.2789 359 3.860555 5 5.139445 5.139445 8 12.139445 15.418335 14.697225 8.11556 4.976115 9.976114 18.115561 25.557779 34 41.860554 46.721111 49.581665 48.860554 48.721111 46.860554 45.721111 45.721111 48.442219 48.16333 45.023884 42.884441 38.744995 29.023886 21.442221 18.581665 17.442221 15.581665 14.302775 10.023886 52.50296 356.44223 353.581665 351.7211 349 346.139435 344.2789 345.139435 347.139435 348.139435 347.418335 346.697235 345.697235 343.55777 341.55777 341.2789
345 346 347.139435 349.2789 351.2789 351.139435 351.2789 354.418335 356.55777 354.55777 352.55777 355.2789 358.860565 2.581665 4.860555 6.27889 6.55778 8.418335 13.139445 18.139444 19.418335 15.83667 12.11556 16.697226 25.278891 29.139444 33.721111 40.302776 44.023884 46.16333 47.302776 46.442219 45.302776 43.302776 42.884441 43.466106 41.32666 37.32666 34.466106 29.744995 22.16333 17.442221 15.44222 13.44222 12.16333 9.023886 53.224068 357.302765 352.860565 351 349.860565 348.860565 347.139435 346.418335 346.418335 348.2789 349.2789 350.2789 351.2789 350.2789 347.418335 345.418335 343.2789
