Snitker/DATA/rasters/navarres_wind_30m_ang.asc
NCOLS 681 
NROWS 460 
XLLCORNER 688715.167550153 
YLLCORNER 4318413.43839553 
CELLSIZE 30 
NODATA_value -3.4e+38 
[rows 140 to 167 of 460, columns 189 to 251 of 681]
349.860565 350 351 352 352.139435 351.139435 350.2789 351 352 352.860565 353.7211 354.7211 355.7211 355.860565 355.139435 354.139435 353.139435 354 353 353.139435 354 354 353.139435 353.139435 354 353 350.139435 344.55777 338.697235 335.418335 334.139435 335.139435 339 344.7211 349.581665 354.581665 357.7211 358.860565 357 354.860565 353 351.139435 350 350 349.139435 348 347 348 348.860565 349 349.860565 350.860565 351.7211 351.7211 352.7211 352.860565 352 353 355 358 358.860565 358.860565 358.7211
348.860565 349.860565 350.860565 352 353 352.139435 352.139435 351.2789 352.139435 352.139435 352 352.860565 353.7211 354.7211 355.7211 355 354.2789 354.139435 353.139435 354 354 353.860565 353.860565 353.860565 354 353 351.139435 348.2789 343.55777 338.697235 335.55777 336.418335 339.2789 343 347 351.860565 355.860565 357.860565 356.7211 353.860565 352.7211 351.860565 350.139435 350.139435 350.139435 348.2789 347.2789 348.139435 348.139435 349 348.860565 349.7211 349.860565 349.7211 350.7211 351.7211 351.860565 353 355 357.860565 357.860565 357.860565 356.7211
348 349 350 352 353 353 353 353 353.139435 353.139435 352.2789 352.139435 352.139435 353 354 355 356 355.139435 354.2789 354.139435 354 352.860565 352.7211 352.860565 353.860565 353 352.139435 350.2789 347.55777 343.55777 339.697235 339.697235 341.418335 343.2789 347.139435 351 354.860565 356.7211 354.860565 352.860565 350.860565 350.7211 350.860565 350.860565 351 350.2789 349.418335 349.2789 349.139435 349 348 348 348.860565 348 349 349.860565 350.7211 352.860565 354.860565 356.7211 356.860565 356.860565 354.860565
348.139435 349.139435 350 351.860565 352.7211 352.860565 353 353 353.860565 353.860565 354 353.139435 353.2789 353.2789 354.139435 354.860565 355.860565 356 356.139435 355.139435 354 352 351 351.860565 352.7211 352.860565 352.860565 352 351.139435 347.418335 344.697235 344.55777 344.697235 345.697235 348.697235 351.418335 354 354.7211 353.581665 351.581665 349.7211 348.860565 349.860565 349.860565 350.860565 352 352.2789 351.418335 350.2789 349.139435 348.139435 348 348 348.139435 349.139435 349 349 351.860565 353.860565 354.860565 355.860565 355.7211 353.860565
349 350 350 350.7211 350.7211 351.860565 352.860565 353 353 353 354 354.139435 355.139435 355.139435 355 354 354.860565 355.860565 357 356.139435 354.139435 352.139435 351.139435 351 351 351.7211 351.7211 351.860565 352 350.2789 349.418335 348.418335 349.418335 350.83667 353.83667 304.636475 354.55777 352.7211 350.302765 348.44223 347.860565 348 349 348.860565 349.860565 351.860565 353.860565 354 352.2789 350.2789 349.2789 348.2789 348.139435 349 350 349.139435 349.2789 351.139435 353 354 354.860565 353.860565 352.860565
349.139435 350 349.860565 348.7211 348.7211 350.44223 351.581665 352.7211 352.860565 352.860565 353.860565 355 356.139435 356 355 354 354 354.860565 356.7211 356.860565 355.139435 353.139435 352 351 351 350 350 350.860565 351.860565 352.139435 352.2789 351.418335 352.55777 306.636475 309.77594 0.697227 358.139435 350.7211 345.7211 344.860565 347 348.139435 349.139435 348.139435 349.139435 350.860565 352.7211 353.7211 353.860565 352.139435 351.2789 350.418335 349.418335 349.139435 350 350.139435 351.2789 352.139435 353 353.7211 353.581665 352.7211 351.860565
350.2789 350.139435 348.860565 346.7211 346.581665 346.581665 348.44223 350.44223 351.581665 351.860565 353 354.860565 356.7211 355.860565 354.860565 354 354 354 354.860565 355.860565 356 354.2789 352.139435 351 350.860565 350 350 349.860565 350.860565 353 354.2789 354.697235 306.77594 2.697225 6.418335 5.000002 358.302765 348.581665 344 344.2789 347.139435 349.139435 350 349.139435 350.139435 350.139435 350.860565 351.581665 352.7211 353 353.139435 353.139435 352.2789 350.418335 350.139435 351.139435 353 353.139435 353 351.7211 350.581665 350.7211 351
352.418335 351.2789 348.2789 345.2789 344.139435 344 344.7211 346.581665 348.581665 350.7211 352.7211 353.7211 354.581665 354.44223 353.7211 353.860565 354 354.139435 354.139435 355.139435 356 356 353.139435 351.139435 350 349.860565 349.7211 348.860565 350 353 356.2789 309.357605 3.55778 7.139445 8.72111 4.302777 353.302765 345.860565 344.139435 346.2789 348.2789 350 350 350 351 351 350 349 350.860565 352.860565 354 354 354 353.2789 351.55777 352.2789 353.139435 354.139435 353 350.139435 348 349 351
355.139435 353.2789 350.418335 347.418335 345.418335 344.2789 343.2789 343.860565 345.581665 348.44223 350.44223 351.44223 351.44223 350.581665 351.44223 352.44223 353.7211 355 355.139435 356 356 355.860565 354 352.139435 350.139435 349 347.860565 347.860565 350 353.139435 308.078705 3.418335 7.27889 8 6.44222 49.224068 348.581665 345 345.2789 348.139435 350 350 350 350 350.860565 350.860565 350 349.139435 350 351.860565 353.7211 353.7211 353.860565 355 355.2789 354.418335 354.2789 355 353.139435 351.2789 348.55777 349.2789 351
356 355.139435 353.2789 350.55777 348.55777 346.55777 345.2789 343.2789 343 344.581665 346.16333 347.16333 347.302765 347.302765 347.302765 348.302765 351.302765 354.44223 355.7211 355.860565 355.860565 354.860565 354 353 351.139435 349.139435 347.139435 347.139435 350.139435 354.418335 0.55778 6.55778 9.27889 7.72111 52.363514 352.302765 345.7211 345 347.139435 349.139435 349.860565 349.860565 350 350.139435 350 350 350 350 350 350.860565 351.7211 351.7211 352.860565 354.860565 356.860565 357.139435 356.2789 355.2789 354.2789 353.418335 352.55777 351.55777 351.2789
355.860565 355.860565 355.139435 354.418335 352.697235 350.83667 347.697235 345.55777 343.418335 342.2789 341.139435 341.860565 342.581665 342.581665 342.44223 343.302765 346.302765 350.302765 353.44223 354.581665 354.7211 353.860565 353.860565 353 352 350 348.139435 348.139435 351.2789 357.2789 4.27889 10.139445 11 5.721112 356.581665 347.860565 344 345.139435 348 350 349.139435 349.139435 350 351 350 350 350 350 350 349.7211 349.581665 349.860565 351.860565 353.860565 355.7211 357.7211 358 357.2789 356.55777 356.55777 356.418335 355.2789 353.2789
355 354.860565 355.860565 357 357.139435 356.2789 352.697235 349.697235 346.697235 344.697235 342.697235 341.55777 340.55777 340.2789 339.2789 339 341.581665 345.302765 349.302765 351.44223 352.581665 352.7211 352.7211 352.7211 351.860565 350.139435 349.139435 349.418335 353.55777 309.078705 5.860555 10.581665 10.302775 53.50296 353.581665 347.139435 344.418335 346.418335 348.2789 350 350 350 350.139435 350.860565 350 350.139435 350.139435 350 350 347.860565 346.7211 348.581665 350.581665 352.581665 353.7211 355.7211 357.860565 359.139435 310.078705 310.078705 309.21814 357.2789 355.2789
354.860565 354 354.860565 356.7211 357.860565 357.860565 357 354.2789 351.55777 349.55777 347.697235 345.697235 344.55777 342.55777 341.418335 339.418335 339.139435 340.7211 344.302765 347.44223 349.581665 350.581665 350.581665 350.44223 350.44223 350.860565 350.418335 352.55777 357.2789 1 4.72111 7.302775 55.224068 358.302765 350.860565 348.139435 347.55777 349.55777 350.418335 350.139435 350 350 350.860565 350.139435 350.139435 351 351 350.139435 350.139435 347 344.860565 345.44223 347.16333 349.302765 351.44223 353.581665 356.44223 359.7211 1.860555 2.27889 2.278892 309.21814 357.2789
353.860565 354 354.139435 355 356.7211 356.581665 356.581665 355.860565 355.139435 353.418335 352.418335 350.418335 348.418335 346.55777 344.55777 342.55777 340.55777 339.418335 340 343.581665 346.44223 347.581665 347.7211 346.7211 346.7211 349.7211 353.2789 356.55777 309.078705 0.860555 52.642403 52.363514 358.023895 353.302765 349.7211 349 351.2789 353.2789 353.2789 351.2789 350.139435 350 350 351 351 351 351 351 351 347.418335 344.418335 342 341.44223 344.302765 347.44223 350.44223 352.44223 357.16333 50.642403 3.72111 4.27889 2.418336 309.078705
353.139435 354 355 355 354.860565 353.860565 353.860565 354.860565 356 356 355 353 351.2789 350.2789 348.55777 346.55777 344.55777 342.55777 340.55777 341.139435 342.7211 344.581665 345.7211 345 345.2789 348.418335 355.2789 310.078705 0.860555 49.781849 358.16333 356.023895 351.16333 348.302765 347.7211 349 352.860565 354.860565 355 353.2789 351.2789 350.2789 350.139435 350.860565 350.860565 350.860565 350.860565 350.860565 351 350.2789 347.55777 342.83667 338.697235 340.139435 343.860565 346.581665 348.302765 350.88443 355.60556 51.084621 5.44222 4.860555 1.139447
354.139435 354.139435 354.860565 354.860565 353.860565 353 353 354 355.860565 355.7211 354.860565 353 353 352.139435 352.139435 350.2789 348.418335 346.55777 344.418335 342.139435 340.860565 341.7211 343.860565 345.2789 347.697235 351.976105 307.357605 1.860555 49.781849 356.023895 351.744995 348.60556 344.88443 343.16333 345.302765 348.44223 351.581665 353.581665 354.860565 355.139435 353.2789 352.418335 351.2789 350.139435 349.860565 349.860565 349.860565 349.860565 350.7211 351.7211 351 348.2789 343.697235 341.976105 343.697235 344.55777 344.139435 343.581665 345.744995 352.187225 50.526844 53.224068 51.781849
355 355 354 354 353 353.139435 353.139435 354 354.7211 353.860565 353.860565 353 353 353 353 352.139435 351.139435 350.2789 347.418335 343.2789 340 339.860565 343.139435 347.55777 302.915375 308.77594 1.55778 1.000002 356.7211 349.302765 342.88443 338.60556 336.60556 336.744995 340.023895 344.16333 348.16333 350.44223 353.581665 355.860565 355.2789 355.2789 353.139435 351.139435 349.2789 349.139435 349 349 349 349.860565 350.581665 349.860565 348.55777 348.83667 348.83667 348.697235 345.697235 341.55777 338.139435 340.44223 348.466095 355.187225 357.88443
355.139435 355.139435 354 354 353.139435 354 353.860565 353.7211 352.860565 352.860565 352.860565 352.860565 352.860565 352.7211 352.860565 352.860565 352.139435 352.2789 350.418335 345.418335 340.55777 339.83667 344.83667 352.11557 0.976115 5.55778 5 51.060738 354.581665 344.7211 335.7211 329.581665 327.44223 328.302765 333.023895 338.023895 342.16333 346.16333 350.16333 354.581665 357 357 354 352.139435 351.139435 350.2789 349.2789 349.2789 349.2789 349 348 349.2789 352.418335 354.55777 354.139435 353 350.2789 345.55777 339.83667 337.55777 338.7211 342.88443 349.60556
355.860565 355.860565 353.860565 353.860565 354 353.860565 352.860565 352 352 352 352 351.860565 351.7211 350.860565 351.7211 351.860565 353 354.139435 353.2789 348.697235 345.11557 346.39444 301.33371 309.915375 7.418335 8.860555 4.860557 359.7211 351.44223 342.44223 333.860565 327.139435 324.139435 324.139435 326.860565 331.302765 336.023895 340.023895 344.16333 351.16333 356.44223 356.581665 354 353 352.139435 352.2789 351.418335 351.418335 351.139435 349.139435 348.418335 351.55777 355.697235 308.078705 355 352.7211 351.7211 349.139435 345.55777 341.55777 337.418335 336 340.302765
354.44223 354.302765 352.581665 352.7211 353.7211 352.860565 352 352 352 352 351.860565 350.860565 349.860565 349.860565 350 350.860565 352.860565 354.860565 355 353.55777 303.05481 306.473145 2.255005 7.55778 9.72111 7.44222 53.50296 357.302765 347.860565 339.2789 333.55777 328.697235 325.697235 325.55777 326.418335 327.2789 330 333.7211 338.44223 345.023895 351.744995 353.16333 353.581665 353 353.139435 354.2789 354.418335 354.2789 352.2789 350.418335 351.55777 355.55777 309.93927 0.139447 355.2789 351.139435 349.860565 350 349.2789 345.418335 340.55777 336.2789 335.860565
350.44223 349.16333 349.44223 350.581665 351.7211 352 352.139435 352.139435 352 351.860565 350.7211 349.7211 348.860565 349.139435 350.139435 350.418335 352.418335 354.139435 355.139435 307.21814 1.976115 7.83667 10.55778 10.860555 7.302775 53.084625 357.88443 352.302765 346.860565 341.55777 337.976105 334.255005 331.255005 330.11557 329.976105 329.976105 330.83667 332.55777 335.139435 338.7211 343.023895 346.744995 350.16333 352.581665 354 356.139435 357.139435 356.139435 354.55777 353.697235 355.55777 308.93927 1 1.000002 357.2789 352.55777 349.55777 350.418335 351.418335 348.697235 344.83667 338.83667 335.2789
346.581665 343.581665 345.44223 347.581665 349.7211 351.860565 353.139435 353.2789 352.2789 351 348.860565 347.860565 348 350 351.2789 353.2789 355.2789 355.418335 356.418335 0.139445 7.860555 12.581665 13.44222 9.302775 52.363514 355.16333 350.302765 347.581665 345.860565 345.139435 344.418335 342.55777 339.83667 337.976105 337.11557 337.11557 337.11557 336.976105 336.55777 337.139435 336.7211 338.302765 344.023895 349.302765 353.581665 356.581665 357.7211 357.139435 308.078705 308.357605 309.21814 0.139445 1 1.000002 309.078705 356.55777 353.83667 353.697235 354.697235 353.976105 351.255005 345.255005 337.83667
344.139435 341.139435 342 344.860565 347.7211 350.7211 353.581665 354.7211 353.860565 351.139435 348.2789 347.2789 348.2789 350.2789 353.139435 354.860565 356.7211 357.7211 358.860565 1 6.581665 9.44222 9.16333 54.224068 356.44223 349.860565 346.139435 345.139435 345.139435 346.139435 347 346.139435 345.139435 344.418335 344.697235 344.83667 344.697235 343.418335 340.418335 338.139435 335 333.7211 337.44223 344.023895 349.744995 352.88443 355.302765 357.581665 50.060738 2.139445 2.27889 1 0.860555 1 1.139446 310.21814 309.357605 308.49704 309.357605 310.357605 309.49704 303.77594 344.11557
345.697235 342.83667 342.55777 344.2789 346.139435 348.581665 350.44223 352.44223 352.581665 351.860565 350.418335 349.697235 350.697235 352.55777 354.139435 354 354.581665 355.16333 357.302765 50.781845 3.581665 5.302775 53.363514 357.302765 352.581665 349 347.139435 346.2789 346.2789 347.139435 347.139435 347.139435 346.139435 347.139435 349.2789 350.2789 349.139435 346.139435 343 339 335.139435 332.2789 333.860565 337.16333 340.744995 344.60556 349.60556 353.88443 358.302765 52.642403 3.581665 1 0.139445 1 2.139445 3.27889 3.55778 3.55778 3.418335 4.139445 3.860555 50.060738 351.418335
350.418335 348.697235 346.976105 346.83667 347.418335 346.2789 346.860565 348.581665 349.44223 350.7211 353 354.2789 355.55777 356.55777 355.418335 354.139435 352 350 352.7211 357.44223 50.642403 50.50296 357.16333 352.44223 349.581665 348.860565 348.139435 348.2789 348.139435 348.139435 348.139435 348.139435 347.2789 348.418335 351.2789 352 349.860565 346.860565 343 339.2789 336.418335 334.418335 333.139435 331.860565 332.7211 335.44223 340.44223 346.44223 353.16333 358.023895 50.642403 1 1.139445 1.27889 3.27889 5.418335 7.27889 7.27889 6 4.581666 52.363514 358.302765 353.860565
353 353.139435 353.2789 352.2789 350.418335 348.55777 346.55777 346.2789 346.139435 349 352.860565 356 359 309.799805 358.139435 355 352.139435 350.55777 351.418335 354.139435 356.581665 355.44223 351.44223 348.581665 347 348 349.139435 350 349 349 349.139435 349.418335 349.55777 351.55777 353.2789 352.139435 349 346 343.2789 341.418335 339.55777 337.418335 334.2789 331.418335 331.2789 332.418335 337.139435 343 347.860565 351.7211 356.581665 50.781845 1.860555 3.139445 5.27889 8.27889 9.139445 8.581665 5.302775 51.224068 356.023895 353.16333 352.581665
352.7211 353.7211 354.7211 354 353.139435 352.2789 350.418335 348.55777 347.697235 349.2789 351.860565 355.7211 358.581665 49.921295 358.7211 355.139435 353.418335 354.418335 354.418335 355.139435 353.860565 351.581665 347.7211 346 347 348.139435 350 350 349.139435 349.139435 350.2789 352.418335 353.83667 305.636475 355.55777 353.2789 349.139435 346.139435 345.2789 344.2789 343.139435 340 336.139435 334.418335 333.55777 335.418335 338.418335 343.2789 347.2789 350.418335 354.2789 357.860565 50.921291 3.72111 6.72111 9.581665 9.44222 5.302775 50.363514 354.16333 349.44223 347.7211 349.7211
350.860565 351.7211 352.7211 353.860565 354 354.139435 353.2789 352.418335 352.2789 351.418335 351.139435 353.860565 355.7211 357.581665 356.7211 356.139435 356.2789 357.139435 357 356 353 349 346 346 347.139435 349.139435 350.139435 350.139435 350 350.139435 352.2789 355.55777 309.357605 1.697226 309.49704 355.418335 350.2789 347.2789 347.139435 345.860565 343.7211 340 337.2789 337.55777 337.697235 338.697235 341.55777 345.418335 349.55777 353.55777 356.55777 357.418335 358.860565 51.642403 54.36351 56.224068 55.224068 50.363514 354.302765 348.581665 345.860565 345.860565 347.860565
