Snitker/DATA/rasters/navarres_wind_30m_ang.asc
NCOLS 681 
NROWS 460 
XLLCORNER 688715.167550153 
YLLCORNER 4318413.43839553 
CELLSIZE 30 
NODATA_value -3.4e+38 
[rows 252 to 279 of 460, columns 63 to 125 of 681]
351.44223 350.581665 349.860565 348 346.2789 345.2789 345.139435 346.139435 348.860565 350.860565 351.860565 352 351.418335 351.418335 352.2789 353 353 352.139435 352 352 352 352 353 353.860565 352.860565 351 349.139435 348.139435 348.2789 349.2789 350 349 348.860565 349 347.2789 345.2789 343.860565 343.581665 343.44223 343.44223 343.44223 345.44223 348.7211 351 352.2789 352.697235 353.697235 355.418335 357.2789 0 3.27889 7.83667 13.394449 17.812784 22.091675 26.370564 29.952229 29.533894 27.115559 23.139444 16.442221 9.023886 49.084625
347.7211 347.860565 348.860565 348.139435 348.139435 347.2789 346.2789 347 347.860565 349.581665 350.581665 351.7211 353.860565 354 353.860565 352.860565 352.860565 352.860565 352 352 352 352.139435 352.860565 352.860565 351.860565 351 350.139435 349.2789 350.139435 351 350 349 348.2789 349.418335 349.418335 347.418335 343.418335 341.139435 340 339.860565 339.7211 341.44223 346.302765 350.7211 354.418335 307.49704 308.357605 308.357605 309.357605 0.697225 6.11556 14.812784 24.091675 30.812784 36.255005 41.557781 41.721111 38.023884 32.047771 21.908325 11.187216 51.805733 351.16333
345.860565 347 348.139435 349 349.139435 349.139435 348.139435 347.139435 347 346.860565 347.7211 349.581665 352.44223 353.44223 352.7211 351.860565 351.860565 351.860565 351.860565 352 352.139435 353 352 351.860565 351.139435 351 351 351 351.139435 351 350 349.2789 350.418335 352.418335 352.2789 350.2789 346.55777 342.55777 340.418335 339.2789 338 338 341.860565 348.860565 357 2 2.418335 2.697225 3.976115 6.533895 14.812784 27.394449 37.557781 41.860554 43.16333 43.047771 37.211102 29.071655 17.768881 57.666286 49.084625 352.16333 345.7211
345 347.139435 349 348.860565 349.7211 349.860565 349.139435 348.418335 347.418335 346.2789 346.139435 347 348.7211 349.7211 350.7211 350.7211 350.7211 350.7211 350.860565 352 353 353.139435 352.139435 351.2789 352.139435 351.139435 351 351 351.860565 351 350.139435 351.2789 353.2789 355 353.860565 352 350.139435 346.697235 343.976105 341.83667 338.83667 338.83667 341.976105 348.697235 356.860565 1.860555 5.418335 7.976115 11.533895 17.812784 27.255005 36.278889 40.581665 39.884441 35.908325 28.629436 18.047771 59.666286 52.945179 357.16333 351.44223 346.7211 344
345.2789 348.139435 349 347.860565 347.581665 348.581665 349.860565 351 350.139435 348.2789 347.2789 347.139435 347.139435 348.139435 348.860565 348.7211 348.7211 348.7211 349.7211 351.7211 352.860565 354 353.2789 353.2789 353.2789 352.139435 351.139435 351.139435 351.139435 351.139435 351.2789 353.2789 355.139435 354.860565 352.860565 351.860565 351 351.2789 350.55777 347.83667 345.255005 345.39444 349.39444 353.976105 306.49704 1.697225 9.11556 15.812784 22.952229 30.533894 35.83667 38.139446 36.744995 30.768881 20.629436 12.047771 54.805733 359.023895 354.302765 351.44223 347.860565 345.2789 344.55777
347.139435 349.139435 349 347 345 345.860565 348.7211 350.7211 350.860565 350.139435 349.2789 348.418335 348.418335 349.139435 348.139435 347.139435 346.860565 346.7211 347.860565 349.7211 351.7211 353.860565 355 355.139435 355 353.139435 352.2789 352.2789 352.2789 352.2789 353.418335 355.139435 356 354.139435 352.2789 351.139435 351 353 354.139435 353.55777 303.915375 305.194275 308.915375 310.915375 2.812784 8.231119 18.51001 29.51001 36.67334 40.697224 40.721111 37.32666 26.48999 64.82962 54.526844 48.945179 355.023895 352.16333 349.581665 347.860565 347.2789 347.55777 348.55777
348.139435 349.860565 349 347 345.139435 345.139435 347 348.860565 349.7211 350.7211 351 351.2789 351.2789 350.139435 349 348 346 345 346.860565 347.860565 349.860565 352.7211 354.7211 355.7211 354.860565 353.860565 354 354.139435 354.139435 354.2789 356.139435 356.2789 356.418335 355.55777 354.55777 352.418335 351.2789 352.860565 355 307.49704 1.976115 5.11556 7.255004 9.812784 16.231119 24.370564 35.67334 45.418335 46.16333 43.047771 36.071655 24.211102 59.387398 358.744995 353.023895 350.302765 348.302765 346.44223 346.581665 347 349.139435 351.139435 352
348.860565 348.860565 348.7211 346.860565 345.860565 346 347.139435 348 347.860565 348.860565 350.860565 353 353.139435 351.139435 349.139435 348 346 345 345.7211 346.7211 348.860565 350.860565 352.860565 353.7211 353.7211 352.7211 353.581665 354.581665 354.7211 355.860565 357 358.2789 309.21814 309.357605 308.357605 305.636475 353.83667 352.55777 355.418335 2.418335 8.697225 13.11556 16.812784 23.091675 31.394449 39.139446 44.466106 44.792767 37.374432 27.932211 15.629436 55.66629 357.16333 350.860565 347.139435 346 344.139435 343.139435 344.139435 347.139435 350.139435 351.860565 351.7211
348 347.860565 347 345.860565 344.860565 345.7211 347.7211 347.581665 346.7211 347.860565 350.139435 353.139435 354 352.2789 350.2789 348.2789 346.139435 344.860565 343.860565 344.581665 347.302765 349.44223 351.44223 351.7211 351.7211 350.7211 350.7211 351.44223 352.302765 354.302765 356.7211 360 2.139445 3.139445 2.418335 1.697226 309.636475 306.915375 308.636475 5.55778 13.83667 21.533894 29.533894 36.83667 39.581665 38.047771 32.211102 22.768881 13.605551 57.805733 50.224068 355.302765 351.581665 349.860565 348 346.2789 345.418335 344.55777 345.55777 348.418335 351 350.860565 349.860565
347.860565 347 346.860565 345.139435 344.139435 343.860565 345.44223 344.44223 344.581665 347 351.139435 354 354.139435 354.139435 352.418335 350.55777 347.418335 344.418335 343.139435 342 342.581665 345.16333 347.302765 349.44223 349.581665 348.860565 348.860565 347.860565 347.860565 349.7211 354.581665 359.44223 2.581665 4 5.27889 6.418335 5.83667 5.255004 5.255004 9.83667 19.976114 31.697226 38.860554 41.023884 35.187214 23.768881 13.466105 8.023886 54.224068 358.16333 353.302765 350.581665 348.860565 348.860565 348 348 348.2789 348.55777 349.418335 351.139435 351 350 349.139435
346.7211 346.7211 346 346.139435 345.2789 343.139435 341.860565 340.860565 341.860565 346.581665 351.581665 353.7211 354.860565 355.139435 355.139435 354.139435 350.418335 347.697235 344.976105 342.976105 340.83667 340.2789 342.7211 345.581665 346.7211 347.860565 348 347.2789 347.2789 348.418335 352 355.44223 49.36351 53.642403 6.860555 9.139445 11.55778 13.976114 14.11556 16.115561 26.418335 35.581665 37.16333 33.466106 22.32666 9.023886 53.502956 51.224068 357.023895 352.302765 348.7211 347.860565 348 348.139435 348.139435 348.2789 350.139435 352 352.139435 352.139435 351 350 350
344.860565 344.860565 345.860565 346.860565 347 344.2789 341.418335 340.418335 341.139435 343.581665 348.16333 351.023895 353.302765 355.581665 355.860565 355 353.2789 352.55777 351.697235 349.83667 346.976105 342.976105 341.55777 342.860565 344.860565 347 348.2789 349.55777 350.11557 302.33371 303.194275 352 352.187225 357.48999 54.52684 9.581665 15.27889 20.557779 21.976114 23.83667 28.860556 32.023884 30.605551 22.605551 11.16333 52.642403 358.302765 354.16333 350.44223 347.7211 346.860565 347 348 349 349.2789 350.2789 351.139435 352 352.860565 352.860565 350.860565 349.860565 349.860565
343.860565 343.581665 344.581665 345.860565 347 346.2789 344.55777 343.697235 342.55777 341.2789 342.7211 344.16333 347.744995 351.744995 354.16333 354.7211 355 356.139435 356.2789 355.418335 353.55777 349.83667 345.976105 342.83667 344.697235 347.697235 350.83667 303.915375 308.61261 4.231119 4.370566 303.61261 340.44223 339.908325 351.21109 55.247952 16.302774 24 28.278891 29.139444 27.581665 24.884439 20.605551 12.88444 5.163332 358.302765 353.16333 348.581665 346.860565 346 346 347 348.139435 349.139435 351.139435 352.139435 352 352 352 351.860565 349.860565 348.7211 348.7211
343 341 341.7211 344.581665 346.860565 348.139435 348.55777 348.697235 346.83667 343.83667 341.418335 338.860565 339.302765 342.88443 347.744995 352.023895 354.581665 356.860565 358 358.139435 357.418335 355.2789 352.2789 348.83667 350.11557 303.05481 307.05481 2.533895 11.394449 19.115561 19.697226 5.278892 338.255005 327.976105 333.860565 351.466095 10.466105 23.302774 29.721109 29.860556 24.721109 17.023886 10.466105 54.945175 49.363514 353.302765 347.44223 345.581665 345.860565 346.139435 346.2789 347.2789 349.139435 350.2789 352 353 352 352 352 351 348.860565 347 346.860565
343.139435 341.139435 340.139435 342 345.860565 349.139435 352.2789 353.55777 352.697235 349.83667 344.697235 338.418335 335.2789 335.860565 339.302765 345.023895 351.16333 355.581665 357.860565 359.139435 359.860565 356.860565 353.860565 354.2789 307.49704 1.83667 6.11556 12.976114 20.697226 26.139444 23.16333 6.302777 346.83667 335.533905 334.11557 342.418335 50.642403 18.16333 27.442221 28.581665 22.442221 9.88444 49.945179 355.60556 352.88443 348.302765 343.7211 343 345 347 348 349.139435 350.139435 352 352 352.860565 352 352 351.860565 350.860565 348 347 346
343.7211 342 341.2789 342.418335 345 349.860565 354.2789 307.21814 357.418335 355.2789 349.418335 341.83667 337.83667 335.418335 334.860565 338.302765 345.16333 352.302765 356.7211 359.7211 358.581665 355.7211 353 356.2789 2.418335 7.697225 13.976114 19.976114 25.418335 26.16333 16.605551 51.781849 352.697235 346.39444 342.67334 346.11557 357.2789 12.581665 23.16333 24.605551 17.047771 52.084625 351.302765 346.302765 345.302765 343.581665 342.139435 343.2789 345.2789 347 348.139435 350 351.139435 352 352 351.860565 351.860565 351.860565 350.860565 349.860565 348 347.139435 346.139435
341.860565 342 343.2789 345.55777 345.55777 349.2789 356 50.060738 359.860565 356.860565 352.2789 347.83667 343.83667 338.697235 334.55777 334.139435 339.7211 347.44223 354.44223 357.302765 355.44223 353.7211 353.2789 308.357605 5.418335 12.55778 20.697226 26.418335 27.442221 19.605551 7.302777 359 307.21814 305.915375 304.33371 304.194275 309.21814 9.16333 16.32666 63.969063 53.387398 353.88443 346.44223 341.860565 341 341.139435 343.139435 345.2789 347.139435 347.139435 349.139435 350.139435 351.860565 352 351.860565 350.860565 350.7211 350.7211 349.860565 349 348.139435 348.139435 347.139435
341.2789 342.2789 345.418335 349.418335 349.83667 351.697235 355.860565 358.44223 358.302765 355.581665 353.860565 353.139435 349.418335 343.697235 338.83667 335.976105 338.55777 344.139435 350.581665 352.581665 351.7211 352 355.418335 2.418335 8.418335 16.278891 24.860556 28.302774 22.744995 10.302775 2.860557 309.21814 0.55778 3.697225 4.83667 3.55778 1.860555 53.224068 54.526844 358.32666 350.88443 346.16333 342.581665 340.860565 341 342.2789 344.2789 347.2789 348.139435 348.139435 350 351 351 351.860565 350.860565 349.860565 348.860565 348.860565 349 349 349 349 348
343.697235 344.83667 348.697235 352.697235 355.55777 356.418335 355.2789 355 353.860565 352.581665 352.581665 353.44223 351.581665 347.860565 344.418335 342.83667 342.83667 345.418335 348 349.7211 350 352.2789 308.357605 5.83667 11.697225 18.139444 23.581665 23.023886 14.302775 5.581665 2 2.139445 4.27889 7.860555 9.581665 6.44222 50.781849 356.302765 352.88443 347.16333 343.44223 340.7211 339.7211 339.860565 341 344 346.2789 349 349.139435 349.139435 350.139435 351 351 351 350 349 348.139435 348 348.860565 349 349 348.860565 347.860565
348.697235 350.976105 353.83667 307.21814 359.139435 359 357 355 353 350.2789 350 349.581665 348.302765 346.581665 346.860565 348 348.2789 348.2789 348.139435 348 350.139435 354.55777 2.976115 11.83667 16.697226 19.139444 20.023886 15.88444 9.302775 2.860555 1.860555 2.860555 5.581665 6.44222 6.163331 52.781849 357.860565 351.860565 345.7211 341.7211 340 339.2789 338.418335 339.2789 341.2789 344.2789 348 349.139435 350 350 350.860565 350.860565 350.860565 350.860565 350 349.139435 349.139435 348.139435 348 348.860565 348.860565 348 347
353.418335 307.49704 309.49704 0.418336 309.799805 358.860565 356.860565 354.581665 352.7211 352 350.139435 347.139435 344.2789 344.2789 346.2789 348.139435 350 350.139435 349.2789 348.418335 351.418335 308.49704 9.697225 17.418335 21 19.442221 13.023886 8.023886 4.302775 51.921291 0.860555 1.72111 52.642403 52.502956 50.642403 359.581665 356.7211 351 344.418335 340.418335 340.2789 341.2789 341.55777 341.55777 343.55777 346.139435 348 350 350 350 349.860565 350 350 350 350 350 350.139435 349.139435 348 347.860565 347.860565 348 347.2789
356.418335 2.27889 4.418335 3.139445 50.060738 357.581665 355.44223 351.7211 350.581665 351.44223 350.581665 348 346.418335 346.55777 348.55777 349.418335 350.418335 351.2789 351.418335 351.55777 354.697235 3.83667 14.418335 20 20.442221 15.023886 6.302775 51.642403 49.642403 359.581665 49.921291 49.921295 358.581665 357.581665 356.581665 356.581665 354.581665 350.860565 347.139435 343.418335 342.418335 343.418335 345.2789 345.418335 347.2789 347.2789 348.139435 350 350 349.860565 349 350 350.139435 350.139435 350 350 351 350.139435 348.139435 347.139435 347.139435 348.139435 349.139435
309.078705 3.72111 6.44222 53.50296 358.44223 354.44223 351.44223 349.581665 347.860565 347.860565 347.860565 348.139435 349.139435 350.139435 352.139435 352.418335 353.2789 353.418335 354.418335 305.49704 309.77594 9.55778 17.139444 19.721109 16.302774 8.44222 1.721112 357.7211 355.7211 356.44223 357.44223 357.581665 355.860565 354.860565 353.860565 353.581665 351.7211 349.860565 348.139435 346.418335 345.55777 346.2789 347.139435 348.2789 349.139435 349.139435 349.139435 350.139435 350.139435 349.139435 349.139435 350.139435 351 351 350 350 350.860565 350.860565 349.139435 348.2789 348.2789 349.139435 350
50.921291 51.36351 51.945179 358.023895 354.44223 350.860565 348 347 347.139435 347.2789 347.418335 349.139435 350.139435 351 352.860565 354.860565 355 356.139435 357.418335 0.697225 6.83667 13.55778 18 17.442221 11.44222 4.581666 50.060738 356 353.860565 352.7211 353.581665 354.581665 354.7211 353.860565 353 351.139435 350.139435 349.139435 349.139435 349.139435 349.2789 348.2789 348.2789 350 349.860565 349.860565 350 351 351 350.139435 350.139435 351.139435 351 350.860565 350 350 349.860565 350 350.139435 350.139435 350.139435 350.139435 350.139435
358.44223 355.44223 353.302765 351.581665 350.7211 350 348.2789 347.2789 348.2789 349.418335 350.2789 350.2789 351.2789 351.2789 352 353.7211 354.7211 356.7211 309.799805 5.55778 12.55778 17.418335 17.860556 13.44222 7.302775 51.642403 358.581665 355.7211 352.860565 351 351 352 352.860565 352.860565 352.860565 351.860565 351.139435 350.2789 350.2789 350.139435 351 350.139435 350 349.860565 349 349 350 350.7211 350.860565 351 351.139435 352 351 350 350 350 349.139435 350 350.860565 351.139435 351.2789 351.139435 351.139435
354.44223 351.581665 349 349 349.139435 350.2789 350.418335 349.697235 350.55777 352.139435 351.860565 351.860565 353 353.139435 352.139435 351.7211 352.581665 355 0.27889 9.27889 16.139444 19.581665 16.16333 9.16333 52.50296 357.44223 355.581665 353.7211 351.860565 351 351.139435 352.139435 352.139435 352.139435 352 351 352 352 352 351.139435 351 351 350 349 349 349 349.860565 349 350 351 351.860565 351.7211 350.7211 349.860565 350 350 350 350 350 351.860565 353 352.139435 352.2789
350.581665 348.860565 349 349.2789 350.418335 352.55777 353.83667 304.77594 354.55777 353 350.7211 350.7211 352.860565 354 352.860565 349.860565 349.860565 355.139435 2.418335 11.139445 16.581665 16.023886 9.88444 53.224068 357.44223 353.860565 352.860565 351.7211 350.860565 351.139435 352.139435 353 353.139435 353.139435 352.2789 351.2789 352 351.860565 352 352 351.139435 351 350.139435 349.139435 348.860565 348.860565 348.860565 349 350 350.860565 350.860565 350 349 349 349.860565 349.860565 350 350 350 350.860565 352.7211 353 354.418335
348 348.139435 349.139435 351.2789 353.55777 306.636475 309.636475 1.418337 358.139435 352.860565 349 349 351.860565 353.581665 351.7211 349 349.418335 356.2789 4.860555 11.581665 13.302775 8.88444 52.084625 356.302765 353.860565 353 352 350 350.139435 352.139435 353 353 354 354 354 353.139435 352.139435 351.139435 352 352 352 351 351 350.139435 348.139435 348.139435 348.139435 349.139435 350 350 350 350 349 348.860565 348.860565 348.860565 349.860565 350 350.139435 350 350.860565 353 357.2789
