Snitker/DATA/rasters/navarres_wind_30m_vel.asc
NCOLS 681 
NROWS 460 
XLLCORNER 688715.167550153 
YLLCORNER 4318413.43839553 
CELLSIZE 30 
NODATA_value -3.4e+38 
[rows 420 to 447 of 460, columns 63 to 125 of 681]
3.438367 3.359761 3.301156 3.299761 3.339761 3.396734 3.4651 3.567889 3.689522 3.831633 3.935378 3.924461 3.815856 3.685378 3.625139 3.598167 3.575617 3.575855 3.635855 3.765855 3.915855 4.060039 4.172828 4.228644 4.211433 4.149561 4.099083 4.048606 3.975339 3.886494 3.8551 3.886494 3.973467 4.054623 4.06275 4.008089 3.939483 3.876934 3.822989 3.812989 3.897172 3.991356 4.062989 4.103467 4.138367 4.175817 4.241633 4.25 4.185339 4.122311 4.100917 4.099761 4.080239 4.007927 3.905378 3.706772 3.325139 2.835578 2.596494 2.5951 2.629522 2.643945 2.575578
3.455139 3.401872 3.37 3.371156 3.415339 3.51255 3.625578 3.728844 3.780716 3.739561 3.613983 3.476772 3.389322 3.389083 3.391872 3.320478 3.213506 3.143744 3.191194 3.304461 3.427966 3.567288 3.670794 3.686849 3.686849 3.759161 3.875177 3.981433 4.040717 4.054183 4.043467 4.097412 4.221833 4.362072 4.476494 4.519283 4.470439 4.348567 4.226695 4.218089 4.31275 4.411833 4.420678 4.342072 4.224861 4.173706 4.195578 4.248606 4.285578 4.275339 4.248128 4.168366 4.004661 3.763983 3.556094 3.35215 3.044461 2.837928 2.751633 2.758367 2.776495 2.764861 2.643467
3.207928 3.262111 3.350478 3.428844 3.504422 3.578844 3.633506 3.619561 3.551194 3.4398 3.290955 3.190478 3.188844 3.240478 3.247928 3.169322 3.030478 2.900478 2.85235 2.835855 2.777727 2.713783 2.646811 2.569839 2.576811 2.803544 3.210516 3.536333 3.776333 4.018644 4.21235 4.359322 4.453506 4.5349 4.612111 4.673505 4.706055 4.715578 4.7251 4.733467 4.730678 4.697889 4.640678 4.573467 4.473467 4.347889 4.246733 4.235816 4.290717 4.328166 4.316772 4.176772 3.875139 3.46745 3.097211 2.804422 2.644183 2.645578 2.704183 2.825339 2.962311 2.993944 2.861156
3.036494 3.103945 3.225817 3.343266 3.443506 3.479322 3.442111 3.351872 3.240239 3.125817 3.052789 3.075578 3.114422 3.087928 2.998405 2.921433 2.854222 2.731194 2.568405 2.384222 2.218405 2.079561 1.966772 1.850955 1.921872 2.27 2.700478 2.972589 3.204222 3.570278 3.89215 4.068205 4.185416 4.2796 4.346572 4.423544 4.539122 4.676094 4.807489 4.871672 4.85725 4.814222 4.7798 4.728405 4.631194 4.483744 4.319322 4.170956 4.055616 3.991911 3.946811 3.810994 3.588883 3.35235 3.073028 2.7951 2.713228 2.726017 2.770439 2.943706 3.091633 3.04235 2.885378
3.244622 3.231833 3.232072 3.258128 3.286972 3.291394 3.27 3.237211 3.18 3.11255 3.092311 3.121156 3.070239 2.870478 2.657689 2.5349 2.4849 2.416055 2.254183 2.058128 1.920917 1.849522 1.723706 1.643467 1.851833 2.293706 2.560478 2.6298 2.798644 3.067489 3.267727 3.361911 3.463305 3.580516 3.689122 3.810516 3.957727 4.134938 4.27215 4.353783 4.358444 4.336133 4.322188 4.273344 4.222627 4.181911 4.082589 3.907689 3.706055 3.480716 3.258405 3.145617 3.113744 3.104661 3.04255 2.986256 3.016256 3.042072 3.043706 3.078844 2.985616 2.74725 2.562589
3.543706 3.523467 3.471833 3.411833 3.363467 3.316733 3.267211 3.206055 3.170239 3.19 3.232789 3.188606 3.004422 2.748605 2.528367 2.407889 2.377411 2.381595 2.332989 2.231356 2.123906 2.052273 1.971795 1.974106 2.22295 2.498567 2.441395 2.303267 2.3949 2.586533 2.732111 2.852111 2.959322 3.060716 3.1649 3.2949 3.417928 3.554222 3.650517 3.666572 3.572389 3.415177 3.316572 3.339361 3.479122 3.638644 3.750955 3.750478 3.610239 3.301394 2.955339 2.826733 2.909522 3.044861 3.1702 3.261595 3.279045 3.256733 3.184422 2.986294 2.619322 2.336294 2.258844
3.691395 3.732789 3.734183 3.674183 3.57 3.411633 3.23745 3.117211 3.115578 3.194183 3.251395 3.185578 2.990917 2.773467 2.619045 2.623228 2.711833 2.740439 2.703228 2.658806 2.638567 2.633906 2.686456 2.830639 2.9953 2.918567 2.515539 2.265539 2.2902 2.421834 2.5851 2.685578 2.767211 2.877211 3.005817 3.128844 3.197689 3.179322 3.126533 3.0649 2.965817 2.84255 2.758128 2.788367 2.966056 3.223744 3.454222 3.560278 3.484461 3.27235 3.047211 2.943944 3.038367 3.253028 3.464661 3.563267 3.508844 3.351633 3.140239 2.84 2.452311 2.216495 2.195578
3.683267 3.722111 3.720955 3.656772 3.536533 3.348844 3.173944 3.127889 3.177889 3.240917 3.269761 3.228367 3.142311 3.024622 2.918567 2.9402 2.999284 3.013706 3.009045 3.014384 3.06275 3.154145 3.275778 3.420678 3.46 3.277211 2.964622 2.756456 2.693428 2.749722 2.784622 2.75765 2.786256 2.890678 3.000917 3.068367 3.061394 3.001156 2.946495 2.944861 2.973467 2.954861 2.909045 2.879045 2.907889 3.004183 3.090478 3.102111 3.064661 3.042789 3.045339 3.052311 3.10255 3.196055 3.318405 3.386094 3.3647 3.241433 3.043744 2.820478 2.587211 2.39255 2.239761
3.557689 3.519322 3.445139 3.356533 3.307689 3.28 3.282311 3.333467 3.383467 3.392311 3.335578 3.275817 3.281394 3.323706 3.331595 3.314145 3.244145 3.214384 3.296017 3.407172 3.518328 3.618328 3.681356 3.651833 3.476733 3.264183 3.242789 3.301156 3.290917 3.2051 3.090678 3.024861 3.046256 3.116256 3.163467 3.149283 3.100678 3.0951 3.123945 3.154422 3.159083 3.147689 3.138844 3.124183 3.095339 3.049522 2.992311 2.963467 3.017411 3.115778 3.195778 3.237411 3.210678 3.118367 2.988844 2.902111 2.860955 2.838167 2.787928 2.680478 2.556056 2.463028 2.305578
3.397689 3.310478 3.221633 3.161156 3.190917 3.299522 3.439522 3.553945 3.592789 3.524422 3.367211 3.255578 3.298367 3.478367 3.666734 3.746256 3.698567 3.622511 3.651117 3.818567 3.986017 4.076256 4.086494 3.936495 3.621833 3.337411 3.282311 3.358844 3.393506 3.34745 3.286972 3.262311 3.297889 3.358128 3.375578 3.332789 3.29 3.244422 3.191872 3.092111 3.000716 2.983505 3.046294 3.127689 3.173267 3.160239 3.13 3.172789 3.305817 3.448844 3.528844 3.518844 3.391633 3.165817 2.928367 2.7551 2.65765 2.619045 2.626256 2.596256 2.499284 2.428367 2.344183
3.248844 3.19 3.185339 3.264861 3.367411 3.463228 3.583706 3.64 3.596056 3.478844 3.359761 3.319283 3.379283 3.541156 3.756056 3.9449 4.048844 4.089522 4.130439 4.219044 4.292311 4.3 4.233267 4.088844 3.898128 3.676017 3.471595 3.32765 3.256495 3.289522 3.352311 3.423706 3.483944 3.458844 3.37235 3.290039 3.224461 3.154222 3.043744 2.906055 2.82 2.821394 2.891633 2.967689 3.033744 3.055377 3.077011 3.121672 3.193544 3.283783 3.365177 3.367728 3.280039 3.112111 2.978606 2.923944 2.919284 2.906017 2.9002 2.8702 2.737172 2.534384 2.399283
3.196733 3.2151 3.31765 3.51765 3.690678 3.7551 3.74255 3.645578 3.521156 3.436495 3.454861 3.530678 3.583706 3.623945 3.67 3.776056 3.959083 4.186295 4.359083 4.444661 4.416055 4.290239 4.128606 4.031156 4.039284 4.018567 3.875062 3.653428 3.500878 3.465778 3.523467 3.58255 3.55745 3.359322 3.0898 2.861433 2.765616 2.761194 2.780955 2.792111 2.797689 2.803505 2.80235 2.778405 2.745855 2.707489 2.664939 2.606572 2.566572 2.599361 2.689361 2.769361 2.829122 2.878644 2.93235 2.990478 3.08745 3.183028 3.215578 3.202311 3.134622 2.942511 2.659484
3.343228 3.413228 3.586256 3.765339 3.871633 3.887689 3.803267 3.681395 3.603945 3.615339 3.678367 3.718606 3.725817 3.714183 3.692311 3.720678 3.846733 4.035817 4.211872 4.319322 4.296533 4.210478 4.129761 4.132072 4.252072 4.403706 4.429284 4.277411 4.0502 3.846256 3.741156 3.644661 3.443744 3.122589 2.739561 2.479083 2.41745 2.444661 2.5149 2.592111 2.633506 2.6149 2.539322 2.419561 2.303983 2.211194 2.091194 1.982589 1.945378 1.992589 2.072828 2.152828 2.283983 2.46235 2.667928 2.853266 3.000239 3.123267 3.229083 3.331633 3.421156 3.426256 3.230878
3.6602 3.724622 3.8351 3.864183 3.810239 3.73745 3.695817 3.698367 3.70255 3.715578 3.724422 3.704422 3.702789 3.751156 3.841156 3.912789 3.95 4.008606 4.08745 4.103506 4.067689 4.081634 4.192789 4.339761 4.447211 4.509561 4.54725 4.515616 4.329322 4.049083 3.779322 3.4998 3.160039 2.771433 2.445378 2.313744 2.30235 2.31235 2.333505 2.403267 2.464422 2.464183 2.36255 2.188128 2.035339 1.921156 1.799761 1.699761 1.675578 1.706972 1.733945 1.822311 2.023706 2.259284 2.500678 2.765339 2.94 3.015817 3.097211 3.277211 3.487211 3.651395 3.745339
3.976972 4.006972 3.991395 3.892789 3.766733 3.693467 3.710439 3.78765 3.81765 3.790439 3.730439 3.706256 3.749284 3.835339 3.905817 3.918844 3.943028 3.98745 3.982111 3.9149 3.916055 4.020239 4.193267 4.365139 4.388166 4.226533 4.108405 4.099122 4.057727 3.85725 3.5398 3.15235 2.770478 2.407211 2.168606 2.069083 2.040716 2.056294 2.153267 2.290239 2.427211 2.499761 2.472072 2.351595 2.185778 2.036017 1.901834 1.807411 1.769961 1.816934 1.886934 2.017172 2.217411 2.479045 2.723467 2.8851 2.962311 3.020678 3.11765 3.289284 3.478367 3.646055 3.806533
3.9949 4.033267 3.997211 3.925339 3.896494 3.927889 3.982311 4.038128 4.070917 4.070678 4.023228 3.977411 3.964861 3.946733 3.89255 3.865339 3.902789 3.894661 3.791872 3.744661 3.811872 3.929322 4.038405 4.078883 4.063066 3.98235 3.773267 3.569322 3.498405 3.429561 3.221633 2.942311 2.690439 2.441595 2.2102 1.983228 1.894861 1.932311 2.054183 2.216056 2.386294 2.539083 2.663028 2.688128 2.576017 2.388328 2.240878 2.189245 2.22785 2.295539 2.341833 2.400678 2.532311 2.728367 2.923028 3.037211 3.120917 3.250439 3.394622 3.499284 3.534183 3.540478 3.569322
3.842789 3.931395 3.982789 4.022789 4.062789 4.1 4.124183 4.156972 4.209761 4.271156 4.303945 4.289522 4.209283 4.090439 4.010439 3.9851 3.928367 3.805578 3.689761 3.658367 3.702789 3.734422 3.700478 3.612111 3.608167 3.691433 3.639322 3.395339 3.209284 3.198128 3.1951 3.119045 2.980439 2.79765 2.561833 2.307173 2.161595 2.100678 2.085578 2.114661 2.205139 2.355617 2.553066 2.744222 2.855817 2.858806 2.822273 2.823667 2.828567 2.736256 2.6251 2.609522 2.676972 2.771633 2.864661 3.010239 3.252789 3.505578 3.665817 3.66745 3.550239 3.418606 3.385578
3.87255 3.938606 3.983267 4.012111 4.052111 4.084661 4.147211 4.204183 4.274183 4.338606 4.385817 4.408606 4.395577 4.351156 4.269762 4.153944 4.007889 3.881833 3.791833 3.750439 3.754861 3.722311 3.59255 3.438606 3.319322 3.2798 3.3998 3.473267 3.412311 3.343467 3.366733 3.355817 3.21745 3.027211 2.831156 2.67255 2.485578 2.288605 2.114422 2.010239 1.971872 1.993505 2.106533 2.366533 2.800716 3.141872 3.321633 3.34 3.205339 2.99765 2.834383 2.777411 2.750678 2.733944 2.775578 2.955578 3.256056 3.492589 3.570278 3.531433 3.470478 3.425339 3.452072
3.95 3.925817 3.874422 3.844183 3.888367 3.995578 4.120239 4.206295 4.265139 4.29235 4.319561 4.356772 4.381194 4.367011 4.288167 4.216294 4.170238 4.135817 4.055578 4.005578 3.960239 3.832111 3.630955 3.382589 3.085378 2.929561 3.038405 3.310039 3.515139 3.548605 3.483944 3.335578 3.126055 2.986294 2.876294 2.726294 2.501872 2.271633 2.082789 1.961156 1.876733 1.850917 1.9251 2.175339 2.593505 2.956094 3.180755 3.278644 3.290239 3.262072 3.216017 3.10765 2.955339 2.813028 2.790478 2.950955 3.0947 3.0996 3.054939 3.122589 3.338844 3.53255 3.673706
3.979284 3.933467 3.883228 3.921595 3.992989 4.064861 4.075339 4.058606 4.041634 4.04745 4.054661 4.066295 4.052111 4.017689 4.016056 4.051872 4.076533 4.066772 4.046772 3.988405 3.827489 3.576333 3.306333 3.025855 2.775139 2.659083 2.699083 2.9149 3.265139 3.500955 3.542111 3.372789 3.058128 2.842789 2.713267 2.563267 2.39 2.240917 2.139045 2.0802 2.038567 2.038567 2.123228 2.279761 2.397928 2.442827 2.574222 2.853983 3.1798 3.393066 3.420516 3.261911 2.963544 2.696094 2.608644 2.641672 2.561672 2.439561 2.523028 2.843945 3.281156 3.619761 3.840917
4.215778 4.1902 4.186256 4.251155 4.303267 4.253506 4.153267 4.047211 3.985817 3.960239 3.94745 3.915817 3.891156 3.907889 3.962072 3.963706 3.886733 3.801394 3.750716 3.617011 3.328405 3.019561 2.759322 2.6049 2.540478 2.525817 2.589522 2.787889 3.052789 3.22235 3.308644 3.346772 3.17 2.889283 2.658806 2.529722 2.483428 2.477372 2.499923 2.515501 2.521317 2.503189 2.463906 2.379045 2.21255 2.098367 2.232789 2.53235 2.754261 2.818244 2.772427 2.651711 2.360278 2.209322 2.218844 2.221395 2.176256 2.25275 2.534384 2.950917 3.336056 3.649322 3.929561
4.44705 4.375894 4.271949 4.172188 4.025694 3.92685 3.900794 3.889161 3.805216 3.750794 3.722188 3.750555 3.848444 3.976811 4.05681 4.013783 3.904939 3.738883 3.50725 3.242589 2.989083 2.778367 2.597889 2.4751 2.43255 2.511156 2.728128 2.969761 3.058844 2.973267 2.924422 3.074422 3.179761 3.116017 3.052034 3.084106 3.193867 3.269684 3.347373 3.379245 3.349483 3.216695 2.993906 2.692511 2.3653 2.218328 2.283467 2.280478 1.998166 1.786533 1.786055 1.875339 1.978806 2.0953 2.23785 2.333189 2.494823 2.698567 2.879761 3.047928 3.198406 3.388883 3.569839
3.411149 3.287882 3.138321 3.010394 2.750594 2.723383 2.75131 2.768999 2.619916 2.616649 2.623144 2.718483 2.961988 3.11131 3.16621 3.16621 3.156888 3.131272 3.012627 2.88725 2.823744 2.807689 2.767211 2.6551 2.551833 2.61765 2.844183 2.985378 2.921672 2.825377 2.87745 3.053945 3.272072 3.446017 3.659045 3.863945 4.004661 4.039322 3.977928 3.902111 3.820478 3.687211 3.468128 3.180439 2.888567 2.698567 2.536017 2.217172 1.845978 1.715262 1.836656 2.099684 2.404106 2.6855 2.895739 3.066217 3.144145 3.087889 2.945578 2.85 2.88 2.926294 2.832828
1.241911 1.242828 1.344222 1.404461 1.436333 1.412389 1.263305 1.165617 1.158167 1.258166 1.4198 1.595855 1.666094 1.614939 1.516333 1.521911 1.701911 2.00215 2.257966 2.417727 2.527488 2.60725 2.701194 2.787689 2.814183 2.852789 2.843505 2.6598 2.459561 2.516533 2.766533 3.109322 3.449083 3.711872 3.870717 3.902589 3.844461 3.781672 3.732589 3.702111 3.6749 3.639322 3.560478 3.434183 3.2751 3.100439 2.886934 2.687134 2.657573 2.727095 2.862673 3.077095 3.328967 3.588289 3.706217 3.721356 3.579045 3.301833 3.034384 2.908567 2.916256 2.784183 2.470239
0.765578 0.901156 1.001394 0.990239 0.904661 0.800239 0.79 0.841156 0.913944 1.008367 1.101633 1.170717 1.162589 1.045378 0.969322 1.020478 1.192111 1.402828 1.597966 1.798444 1.972627 2.126572 2.310755 2.557966 2.753544 2.787727 2.611672 2.322111 2.212789 2.318367 2.555817 2.892111 3.265616 3.534461 3.628644 3.569561 3.428844 3.364183 3.438606 3.513267 3.493505 3.429083 3.433028 3.473944 3.476017 3.439245 3.433867 3.566179 3.776417 3.948289 4.098767 4.256456 4.375539 4.424623 4.33765 4.134861 3.853467 3.593467 3.406256 3.296494 3.142789 2.794661 2.401633
0.846017 1.013228 1.050439 0.973228 0.862989 0.808328 0.859722 0.971356 1.046017 1.0851 1.056972 0.981633 0.861633 0.771394 0.789761 0.905578 1.011633 1.020717 0.989561 1.062589 1.254222 1.481672 1.683305 1.90215 2.122389 2.197727 2.15235 2.15 2.246733 2.388128 2.54255 2.722789 2.916055 3.096533 3.209561 3.286533 3.343266 3.383028 3.413267 3.383506 3.31745 3.311156 3.416495 3.596256 3.812989 4.059722 4.328328 4.573228 4.698128 4.734422 4.739322 4.734222 4.707489 4.621911 4.505856 4.323505 4.073945 3.836256 3.659284 3.476733 3.178128 2.743228 2.409961
1.237373 1.377611 1.401795 1.354345 1.3155 1.356895 1.409923 1.457373 1.416456 1.308328 1.155778 0.984384 0.869961 0.84275 0.902989 0.980439 0.980917 0.844183 0.744183 0.779761 0.918367 1.066972 1.216972 1.36 1.513028 1.685817 1.922789 2.159761 2.36255 2.513944 2.63255 2.744183 2.828605 2.891395 2.973944 3.103706 3.256733 3.342789 3.311394 3.235339 3.262311 3.402311 3.599522 3.833945 4.135817 4.448166 4.663544 4.722867 4.687288 4.588444 4.453783 4.296572 4.158206 4.03681 4.020755 4.090277 4.119561 4.055817 3.866494 3.624622 3.361117 3.113189 2.902712
2.004584 2.091556 2.144345 2.174345 2.201556 2.243189 2.249006 2.212034 2.043428 1.81785 1.583667 1.406456 1.334823 1.327611 1.319245 1.298328 1.162989 0.924384 0.828567 0.897172 1.031356 1.175539 1.312989 1.403228 1.514622 1.700439 1.956733 2.20745 2.412111 2.566533 2.673744 2.733744 2.792111 2.88745 3.055817 3.247211 3.364183 3.375339 3.346494 3.356494 3.415339 3.537211 3.706055 3.892111 4.054222 4.099361 4.012866 3.866133 3.790555 3.767527 3.744261 3.627966 3.460278 3.342828 3.405855 3.577728 3.773783 3.94215 3.974222 3.879083 3.795817 3.747211 3.66
