Snitker/DATA/rasters/navarres_wind_30m_vel.asc
NCOLS 681 
NROWS 460 
XLLCORNER 688715.167550153 
YLLCORNER 4318413.43839553 
CELLSIZE 30 
NODATA_value -3.4e+38 
[rows 56 to 83 of 460, columns 0 to 62 of 681]
2.100362 2.452673 2.977334 3.570162 3.878567 3.919284 3.861156 3.770478 3.611433 3.348883 2.992589 2.547689 2.209083 2.040716 1.956533 1.874661 1.805578 1.829522 1.982311 2.056972 1.881872 1.717689 1.683267 1.764661 1.941872 2.053505 2.040716 1.949322 1.850955 1.8098 1.804222 1.813983 1.7649 1.710239 1.734422 1.811394 1.819522 1.720678 1.6151 1.595339 1.666494 1.830439 2.064622 2.290917 2.396055 2.396294 2.392311 2.902712 4.239483 4.586055 4.125617 3.5598 3.132111 3.033028 3.19255 3.547889 3.975339 4.188844 4.157689 3.996056 3.785578 3.582311 3.393467
3.239206 3.711078 4.099245 4.307172 4.284622 4.126494 3.916055 3.585855 3.1496 2.816572 2.627489 2.361194 2.050716 1.843267 1.743028 1.773028 1.845578 1.970917 2.131155 2.088844 1.739322 1.550717 1.550717 1.637928 1.790955 1.834222 1.786094 1.670755 1.513783 1.405177 1.380516 1.472828 1.569561 1.617928 1.670717 1.792111 1.928844 1.9351 1.8202 1.742989 1.885778 2.131595 2.370678 2.431156 2.3351 2.358767 2.744745 3.846856 4.763467 4.458167 3.756533 3.254183 3.003228 3.059722 3.352273 3.784145 4.100678 4.138128 4.042311 3.937889 3.852072 3.754861 3.639045
4.22275 4.542311 4.647211 4.639083 4.505617 4.195178 3.711472 3.092389 2.478405 2.205139 2.152111 2.040478 1.863028 1.745578 1.715339 1.757889 1.916256 2.129283 2.215339 2.022789 1.55 1.365817 1.360239 1.423267 1.523505 1.45235 1.275617 1.061433 0.867011 0.768405 0.845378 1.078166 1.280955 1.386533 1.45235 1.572589 1.802828 2.050955 2.160678 2.150878 2.312273 2.511356 2.59765 2.547411 2.628051 3.243351 4.227573 5.023705 4.912827 4.160955 3.565339 3.334383 3.343906 3.562511 3.9102 4.200917 4.296972 4.255578 4.189761 4.129522 4.079284 4.009045 3.924623
4.605817 4.647927 4.565856 4.385894 3.938521 3.385494 2.846133 2.437011 2.153028 1.999761 1.996733 1.949283 1.85765 1.81765 1.862989 2.016456 2.232034 2.375539 2.346256 2.066494 1.590439 1.380439 1.330678 1.328367 1.341872 1.189322 0.916294 0.694422 0.541394 0.445817 0.55745 0.801872 1.020478 1.161872 1.203267 1.266055 1.445817 1.804422 2.351394 2.693228 2.872989 2.933228 2.888567 2.957134 3.650123 4.653428 5.190238 5.096094 4.505617 3.922789 3.689284 3.6951 3.811156 4.000239 4.189322 4.289561 4.303744 4.2649 4.234661 4.247211 4.268367 4.263945 4.213944
4.49215 4.330077 3.992905 3.392705 2.367766 1.940039 1.9949 2.098844 2.121156 2.087889 2.127889 2.166256 2.15275 2.154584 2.319684 2.657372 2.882272 2.848328 2.628567 2.288567 1.909722 1.698328 1.572989 1.421834 1.263467 1.033467 0.810439 0.703228 0.589045 0.45765 0.507889 0.706733 0.908367 1.061156 1.132072 1.241356 1.500878 1.841117 2.408806 2.980917 3.223706 3.240439 3.322511 3.791556 4.747411 5.195139 5.0547 4.585617 4.153267 3.934422 3.851872 3.822111 3.8549 3.921872 3.98745 4.030239 4.066055 4.090478 4.119083 4.206295 4.286533 4.303983 4.248405
3.86215 3.479838 2.771711 1.937011 1.509522 1.604861 1.869283 2.053706 2.20255 2.269761 2.319522 2.430439 2.611117 2.879483 3.18275 3.354861 3.392789 3.265817 3.003944 2.682072 2.387411 2.179961 1.961356 1.737172 1.531356 1.313906 1.138089 1.03275 0.882989 0.744384 0.737172 0.865778 1.017172 1.191356 1.39275 1.68275 2.072511 2.374823 2.7853 3.139283 3.37 3.523467 3.848089 4.537172 5.033028 4.933983 4.550956 4.2249 4.023506 3.86235 3.703744 3.626294 3.691633 3.815578 3.925339 3.990917 4.000917 3.98255 3.988605 4.033505 4.021433 3.927966 3.81705
3.2949 2.794422 2.039961 1.682511 1.696934 1.885539 2.109961 2.264145 2.346934 2.401117 2.534823 2.774823 3.109961 3.376972 3.535139 3.5198 3.370955 3.221872 3.096972 2.912072 2.7302 2.615539 2.412511 2.145778 1.936494 1.779761 1.626972 1.43255 1.233706 1.123228 1.149961 1.2853 1.469006 1.666217 1.856695 2.13275 2.571595 3.000439 3.254183 3.290716 3.3449 3.757889 4.409483 4.942989 5.0151 4.668128 4.32255 4.07 3.844661 3.611872 3.470239 3.481395 3.646972 3.855578 4.021394 4.117211 4.123028 4.04745 3.952111 3.818405 3.5847 3.266572 3.014022
3.119083 2.7851 2.496456 2.252712 2.220161 2.405739 2.609684 2.795262 2.920362 3.004545 3.246895 3.446456 3.51765 3.418606 3.293505 3.183506 3.124422 3.132311 3.179045 3.161595 3.095778 3.060439 2.89765 2.545778 2.16275 1.8902 1.704861 1.54765 1.445539 1.476456 1.60785 1.832273 2.148328 2.332511 2.416456 2.605062 2.934623 3.231872 3.240955 3.105817 3.284823 4.087573 4.993428 5.306256 5.176972 4.785578 4.401394 4.064423 3.738844 3.490239 3.405817 3.495578 3.698367 3.891395 4.013267 4.056772 4.008883 3.877966 3.6796 3.403783 3.037727 2.62725 2.320955
2.980239 2.963706 3.084383 3.1104 3.047812 3.253867 3.507612 3.702512 3.94765 4.035339 4.025817 3.953506 3.727689 3.408606 3.156495 3.066017 3.142989 3.310439 3.435339 3.473028 3.416294 3.282111 3.121633 2.917889 2.622511 2.303189 2.031556 1.885978 1.951795 2.096456 2.215539 2.388806 2.604861 2.814861 3.0002 3.181595 3.251833 3.171595 3.103189 3.291956 4.125184 5.221756 5.631356 5.513267 5.165617 4.764222 4.368166 3.999322 3.651872 3.425817 3.388367 3.543945 3.752789 3.876294 3.858405 3.723066 3.497488 3.233305 2.986094 2.748644 2.486772 2.221872 2.078605
2.95765 3.151833 3.456256 3.76765 3.996256 4.082789 4.066772 4.064939 4.060077 3.997527 3.875894 3.692389 3.534222 3.402789 3.361833 3.402989 3.499284 3.546056 3.483983 3.368644 3.20725 3.058405 3.033744 3.070478 3.074183 2.973467 2.788328 2.626456 2.649722 2.669045 2.646494 2.7151 2.847889 3.070439 3.371356 3.586456 3.627134 3.664306 3.967295 4.806378 5.794822 6.203267 5.927728 5.327727 4.770039 4.378167 4.082111 3.804422 3.5651 3.448806 3.4902 3.657889 3.768605 3.697928 3.495378 3.276533 3.034661 2.761395 2.543945 2.392311 2.252072 2.142072 2.090917
3.216495 3.454623 3.720439 4 4.153066 4.01215 3.710755 3.440994 3.223783 3.096333 3.043066 3.048167 3.169083 3.410239 3.600478 3.681194 3.597728 3.355416 3.105177 2.920278 2.7698 2.695378 2.765378 2.909561 3.06235 3.153506 3.198844 3.165578 3.095339 2.946256 2.856017 2.90765 3.056256 3.375778 3.829484 4.214822 4.461556 4.861317 5.462034 6.085577 6.286572 5.938244 5.276372 4.727966 4.351194 4.092111 3.891872 3.767211 3.736733 3.777889 3.822311 3.834183 3.748844 3.486056 3.211633 3.065817 2.938606 2.778367 2.656495 2.571833 2.494622 2.374861 2.239522
3.393945 3.738367 3.940717 3.93725 3.684222 3.426772 3.143267 2.834183 2.646734 2.606494 2.657889 2.806733 3.028844 3.28725 3.372627 3.243344 2.954738 2.608205 2.453066 2.455139 2.450239 2.42 2.49 2.651633 2.811872 2.967689 3.109083 3.184661 3.181633 3.172789 3.158128 3.176256 3.331595 3.792511 4.393906 4.855778 5.191833 5.625339 5.996533 6.027966 5.581711 4.829839 4.320277 4.108405 3.995617 3.864222 3.7298 3.708167 3.805139 3.922111 3.941872 3.84745 3.663267 3.379083 3.151633 3.035817 2.920239 2.823028 2.826972 2.845339 2.779761 2.594183 2.368367
3.482789 3.709122 3.610794 3.430077 3.274461 3.137689 3.048367 2.901833 2.809961 2.8202 2.859283 2.911395 2.926533 2.835855 2.630517 2.335855 2.087928 1.984183 2.073467 2.287411 2.447172 2.486934 2.548567 2.639045 2.726495 2.857889 3.020439 3.1402 3.173228 3.208128 3.292311 3.452989 3.739245 4.330639 4.9002 5.213944 5.441633 5.68235 5.711911 5.355416 4.699361 4.094222 3.846772 3.742589 3.6098 3.475378 3.386533 3.423506 3.571872 3.741633 3.828605 3.778367 3.578128 3.273706 3.123706 3.030917 2.889283 2.819045 2.900678 2.945578 2.834422 2.628367 2.4451
3.479083 3.098444 2.623066 2.649561 2.843505 2.995817 3.098605 3.165578 3.198128 3.149522 3.042789 2.90745 2.710239 2.449761 2.176256 2.00275 1.979245 2.118767 2.383189 2.659484 2.859961 2.958567 2.978328 2.963667 2.991795 3.145739 3.381556 3.551795 3.541795 3.424584 3.530401 3.874823 4.368089 4.922072 5.201633 5.272111 5.35235 5.391433 5.140755 4.610994 4.0647 3.706772 3.549322 3.426294 3.291633 3.209761 3.2051 3.293467 3.490678 3.708128 3.825578 3.835578 3.713706 3.472989 3.321595 3.211595 3.13275 3.117172 3.106733 2.964661 2.781872 2.670239 2.597211
3.347211 2.423944 2.236495 2.430678 2.707889 2.997889 3.110917 3.202789 3.301633 3.274183 3.082311 2.864861 2.705778 2.592273 2.499006 2.494584 2.6304 2.863906 3.056256 3.159761 3.232789 3.338128 3.451595 3.569245 3.731556 3.964584 4.156456 4.2553 4.253667 4.17319 4.247612 4.524145 4.869522 5.099083 5.105378 5.044222 5.054461 4.950517 4.507728 3.930278 3.5498 3.406533 3.336294 3.261872 3.224661 3.258844 3.362789 3.522311 3.707889 3.833945 3.855817 3.853266 3.840478 3.78745 3.651156 3.557889 3.538128 3.451872 3.158405 2.823983 2.629561 2.562589 2.532589
3.303505 2.526733 2.413944 2.629761 2.898128 3.1951 3.2651 3.233944 3.254183 3.309761 3.253467 3.1302 3.101595 3.1502 3.162989 3.197172 3.296017 3.339522 3.274422 3.201872 3.23745 3.455578 3.792311 4.1451 4.440917 4.632311 4.723467 4.7702 4.829961 4.876934 4.911355 4.95765 4.996972 4.950478 4.79235 4.6498 4.583066 4.3847 3.933066 3.458167 3.216294 3.172111 3.150955 3.109561 3.089561 3.149561 3.352111 3.644661 3.864661 3.903267 3.816056 3.731872 3.693506 3.6849 3.706055 3.716056 3.616533 3.295377 2.810716 2.533028 2.389761 2.288128 2.262311
3.092589 2.614661 2.494422 2.678844 2.980716 3.305377 3.387928 3.304661 3.26745 3.346294 3.427928 3.419083 3.40745 3.44745 3.49 3.558367 3.589761 3.493467 3.319484 3.201556 3.27295 3.580639 3.974622 4.309762 4.561634 4.758844 4.924422 5.08 5.204183 5.294183 5.299761 5.199761 5.037211 4.814661 4.543267 4.319083 4.136533 3.871194 3.471194 3.159561 3.035139 2.969322 2.889083 2.853028 2.853945 2.933467 3.224622 3.579283 3.771394 3.78745 3.720239 3.617211 3.531394 3.535578 3.621394 3.616055 3.390478 3.018605 2.662072 2.5402 2.519722 2.493428 2.514345
2.791633 2.542311 2.464183 2.577928 2.728883 2.925416 3.113305 3.155617 3.131433 3.130278 3.158883 3.230039 3.3049 3.379761 3.519284 3.637889 3.690439 3.786456 3.953628 4.06849 4.151278 4.285023 4.349006 4.425778 4.533706 4.688606 4.866294 5.035378 5.168644 5.253067 5.293067 5.204222 4.980956 4.692111 4.4149 4.157928 3.882589 3.511433 3.111433 2.852828 2.765616 2.749322 2.766972 2.846256 3.001356 3.223667 3.580878 3.812989 3.812072 3.732311 3.679522 3.623706 3.572072 3.5951 3.634183 3.523028 3.271394 3.026733 2.889283 2.882072 2.976495 3.099283 3.263228
2.735817 2.685578 2.487211 2.363267 2.2649 2.256294 2.600955 2.780955 2.730955 2.659561 2.679561 2.819561 3.126294 3.45255 3.734861 3.875539 4.037611 4.414823 4.892989 5.185339 5.275578 5.2051 5.018567 4.842511 4.74275 4.723228 4.739522 4.750239 4.749561 4.771672 4.793544 4.767966 4.659122 4.455855 4.201433 3.89725 3.520278 3.083066 2.697011 2.463744 2.407689 2.548844 2.816972 3.0951 3.412072 3.767889 4.081394 4.124661 4.004422 3.879761 3.816733 3.789522 3.788128 3.756972 3.653028 3.475817 3.289761 3.145339 3.076972 3.082789 3.142789 3.285578 3.541156
2.707211 2.728367 2.4951 2.290678 2.140678 2.133706 2.362789 2.533028 2.492789 2.423944 2.450917 2.599283 3.0051 3.531394 3.958367 4.31765 4.681833 5.011156 5.187927 5.221433 5.245855 5.311194 5.359083 5.292789 5.148128 5.008128 4.864183 4.671872 4.460956 4.288644 4.173544 4.098205 4.04705 3.945655 3.736811 3.427727 3.034222 2.642111 2.364422 2.246972 2.279761 2.486972 2.86 3.25 3.61 3.916294 4.0398 3.974222 3.930955 3.920478 3.913028 3.91 3.9 3.798605 3.608605 3.445817 3.348605 3.249761 3.136733 3.119522 3.19765 3.377172 3.67275
2.726256 2.827411 2.71275 2.537173 2.376017 2.314861 2.389761 2.481633 2.511395 2.544861 2.674823 2.904106 3.267373 3.625062 4.071356 4.570917 4.924661 5.053505 4.983027 4.876733 4.868128 5.000239 5.177011 5.227727 5.167966 5.026572 4.795177 4.469361 4.133544 3.829122 3.570278 3.405855 3.285855 3.173066 3.034461 2.8698 2.667689 2.475578 2.353706 2.319283 2.372072 2.563467 2.893467 3.272311 3.603028 3.737928 3.689561 3.597928 3.662111 3.777689 3.856055 3.903028 3.9 3.801156 3.616733 3.426972 3.331633 3.308605 3.276256 3.312511 3.512273 3.802511 4.108806
2.980678 3.154861 3.148806 2.95275 2.729722 2.585778 2.466733 2.424422 2.529761 2.840878 3.393867 3.805262 4.05829 4.264345 4.529483 4.740439 4.839761 4.884422 4.933028 4.970239 4.957689 4.896772 4.784461 4.633544 4.488444 4.321711 4.090077 3.820755 3.541433 3.29235 3.116294 2.998844 2.891395 2.769761 2.639761 2.561394 2.531394 2.525339 2.536256 2.558567 2.646695 2.853667 3.168328 3.437889 3.540478 3.499561 3.410717 3.393028 3.492789 3.637211 3.756056 3.8349 3.8749 3.865817 3.754861 3.538328 3.356695 3.371117 3.576695 3.850639 4.102273 4.307172 4.437889
3.179761 3.37 3.459761 3.366494 3.1851 2.949522 2.592311 2.429045 2.705739 3.497573 4.313428 4.695778 4.884861 4.996494 5.0451 5.0151 4.916733 4.843028 4.845377 4.8347 4.73215 4.551911 4.320039 4.052588 3.753983 3.478405 3.297011 3.229561 3.161872 3.057211 2.964422 2.914661 2.883267 2.823028 2.713944 2.604861 2.591595 2.685539 2.839483 3.014823 3.230161 3.469006 3.647172 3.611394 3.392111 3.220716 3.216056 3.356972 3.52255 3.628367 3.672789 3.674422 3.70745 3.830239 3.986733 4.025539 3.945739 3.942473 4.15319 4.461595 4.628128 4.664183 4.605817
3.292989 3.3951 3.513028 3.506294 3.312111 3.065817 2.802511 2.801078 3.545501 4.511833 4.883028 5.003744 5.058167 5.129322 5.181872 5.149083 4.993505 4.769322 4.533744 4.321194 4.135616 4.021194 3.91235 3.740478 3.476972 3.186495 2.990917 2.98 3.034661 3.024661 2.924422 2.82 2.785578 2.802311 2.854383 2.9204 3.034106 3.2155 3.449923 3.721317 4.006217 4.132989 4.006972 3.610239 3.222789 3.062311 3.160678 3.4251 3.61255 3.682789 3.687211 3.635817 3.625817 3.75745 4.057928 4.390955 4.636294 4.757211 4.794183 4.78 4.728844 4.660717 4.533983
3.675778 3.609961 3.504861 3.376733 3.169284 3.113906 3.3755 3.7104 4.324183 4.70725 4.770278 4.740956 4.795817 4.938606 5.043506 4.968405 4.771433 4.536772 4.289083 4.018606 3.801394 3.713028 3.674422 3.625578 3.543706 3.396017 3.179961 3.024622 2.963706 2.946733 2.920678 2.877172 2.905061 3.041795 3.294584 3.629245 3.878089 4.0653 4.2653 4.514622 4.597211 4.419561 4.009561 3.543028 3.263706 3.239045 3.390439 3.607889 3.70255 3.697211 3.649083 3.580716 3.573505 3.652111 3.818166 4.084461 4.400755 4.640994 4.733544 4.713067 4.608405 4.432589 4.203983
4.00745 3.982789 3.772989 3.562273 3.460161 3.680161 4.214145 4.388567 4.38765 4.336733 4.358128 4.53765 4.797889 4.927211 4.847928 4.609561 4.376533 4.239322 4.133505 3.998845 3.818367 3.68255 3.648367 3.666972 3.695578 3.689761 3.572311 3.340439 3.161595 3.109961 3.181117 3.320639 3.527611 3.75785 4.006934 4.226017 4.390678 4.543945 4.711872 4.72725 4.490755 4.096094 3.725139 3.495817 3.421156 3.493944 3.656734 3.788367 3.773028 3.657689 3.490716 3.373506 3.3849 3.452111 3.530716 3.649322 3.809561 3.971433 4.120516 4.206572 4.193783 4.056333 3.861433
3.874222 3.940039 4.079083 4.106256 4.198567 4.42275 4.662989 4.791833 4.692511 4.548767 4.580162 4.827172 4.967211 4.876533 4.617928 4.340478 4.153267 4.029083 3.942111 3.899322 3.850478 3.757211 3.702789 3.704422 3.713267 3.727689 3.698844 3.606733 3.524622 3.545539 3.703667 3.963667 4.195539 4.344623 4.450678 4.530917 4.585577 4.610478 4.545617 4.267489 3.887011 3.620478 3.508605 3.475578 3.498367 3.589761 3.761395 3.821872 3.695139 3.48235 3.2849 3.194661 3.211872 3.2549 3.322111 3.426533 3.520955 3.563983 3.574222 3.564461 3.530277 3.475855 3.448405
3.489561 3.547689 3.919322 4.310478 4.571156 4.846256 5.020678 5.070917 5.158128 5.236733 5.258606 5.156294 4.91235 4.629561 4.383744 4.189322 4.020717 3.869322 3.742111 3.6849 3.702111 3.717689 3.703267 3.651872 3.591872 3.578844 3.634183 3.733706 3.839045 3.994622 4.246494 4.477211 4.580478 4.599083 4.613505 4.615377 4.560039 4.427249 4.158405 3.792111 3.54745 3.488844 3.48745 3.500239 3.541633 3.638844 3.746294 3.669561 3.435378 3.213744 3.100717 3.069322 3.067928 3.070716 3.120717 3.185139 3.238167 3.238167 3.193744 3.132111 3.080478 3.063267 3.099322
