Snitker/DATA/rasters/navarres_wind_30m_vel.asc
NCOLS 681 
NROWS 460 
XLLCORNER 688715.167550153 
YLLCORNER 4318413.43839553 
CELLSIZE 30 
NODATA_value -3.4e+38 
[rows 140 to 167 of 460, columns 378 to 440 of 681]
3.039761 3.035578 3.034183 3.044183 3.082789 3.104183 3.104183 3.081394 3.036972 3.0051 3.030439 3.116256 3.188128 3.201395 3.144422 3.045817 2.971395 2.955578 3.005578 3.127211 3.313267 3.462111 3.533505 3.591872 3.650239 3.694422 3.688606 3.642789 3.596972 3.589761 3.593945 3.575339 3.566972 3.591633 3.656294 3.692111 3.673506 3.599083 3.5549 3.552111 3.556294 3.581872 3.633267 3.7249 3.785139 3.79235 3.766294 3.747211 3.771156 3.790917 3.803706 3.788128 3.699761 3.579761 3.509761 3.496972 3.482789 3.435578 3.419761 3.455339 3.559522 3.670917 3.743944
3.095817 3.072789 3.071156 3.085339 3.118128 3.148128 3.146734 3.106733 3.096733 3.173944 3.284183 3.334422 3.293028 3.211395 3.121156 3.046494 3.021833 3.044384 3.095778 3.1602 3.244861 3.306733 3.371394 3.470239 3.576056 3.64745 3.675817 3.666972 3.655339 3.66255 3.685578 3.672789 3.61 3.534422 3.498844 3.50745 3.503028 3.472789 3.41255 3.393945 3.418367 3.472789 3.531394 3.568605 3.567211 3.562789 3.628367 3.738367 3.842789 3.92 3.952789 3.91255 3.792072 3.684623 3.613228 3.570678 3.5251 3.502072 3.513467 3.573706 3.685578 3.784661 3.799322
3.065817 3.092789 3.148367 3.19255 3.238367 3.261395 3.25 3.215578 3.206972 3.255817 3.291872 3.276294 3.233267 3.211633 3.195578 3.223944 3.296733 3.395339 3.456733 3.488128 3.480917 3.4351 3.403706 3.421156 3.484422 3.551872 3.627689 3.690478 3.733267 3.72745 3.706055 3.673267 3.598844 3.502789 3.443944 3.446733 3.478128 3.517889 3.533228 3.531595 3.514622 3.520678 3.558128 3.575339 3.572311 3.6051 3.693944 3.784422 3.841872 3.893506 3.940717 3.967689 3.978844 3.961395 3.893945 3.789284 3.719045 3.732072 3.742311 3.731156 3.714422 3.667689 3.586294
3.060917 3.123945 3.204183 3.264422 3.274661 3.249083 3.230478 3.231872 3.231872 3.211872 3.164661 3.120239 3.124422 3.157211 3.223028 3.296056 3.372111 3.438405 3.490278 3.531672 3.558405 3.559322 3.543028 3.50255 3.470917 3.458128 3.496972 3.567211 3.624422 3.65 3.624183 3.576972 3.541156 3.538128 3.5551 3.580678 3.624861 3.720678 3.8251 3.872311 3.820678 3.746256 3.699284 3.688128 3.712789 3.740478 3.74235 3.708167 3.686772 3.683983 3.7098 3.774222 3.854222 3.921194 3.945139 3.946294 3.9349 3.896533 3.843744 3.769322 3.656294 3.513267 3.426055
3.213706 3.225339 3.234183 3.223028 3.173028 3.118605 3.103028 3.103266 3.104661 3.091633 3.068605 3.061394 3.091394 3.135817 3.16745 3.187689 3.163744 3.072589 3.005616 3.052828 3.181433 3.312828 3.4498 3.543744 3.579083 3.565817 3.546972 3.561156 3.603945 3.668128 3.679284 3.660439 3.650439 3.677889 3.725339 3.775578 3.838605 3.898844 3.953506 3.975139 3.976533 3.9449 3.864661 3.784661 3.700716 3.580955 3.47235 3.416533 3.385139 3.363744 3.363744 3.388167 3.458405 3.562828 3.66725 3.730278 3.714461 3.638405 3.576772 3.538167 3.473744 3.3849 3.326056
3.354422 3.314422 3.255817 3.182789 3.134183 3.111394 3.06 3.002789 3.014183 3.046972 3.066972 3.072789 3.090239 3.089083 3.063505 3.019322 2.916294 2.774422 2.679761 2.708367 2.814422 2.940478 3.099561 3.254461 3.369122 3.460516 3.520278 3.572828 3.641194 3.738167 3.827928 3.889083 3.891633 3.852789 3.822789 3.801633 3.803505 3.788167 3.738405 3.701433 3.705855 3.725855 3.710039 3.634222 3.475378 3.3149 3.226056 3.196055 3.151872 3.117689 3.1149 3.103506 3.110717 3.165378 3.222827 3.242828 3.263983 3.286533 3.2849 3.257689 3.231872 3.220239 3.238605
3.304661 3.266056 3.224422 3.197211 3.155817 3.113028 3.061394 3.033944 3.053945 3.09 3.094661 3.066294 3.003505 2.933506 2.873506 2.806294 2.753267 2.737211 2.745578 2.768367 2.789761 2.825578 2.843028 2.827689 2.830955 2.912827 3.021672 3.146094 3.267488 3.403305 3.543544 3.670755 3.760516 3.80725 3.793983 3.715139 3.606533 3.490955 3.375378 3.291194 3.258405 3.274222 3.282828 3.241194 3.169322 3.141872 3.12745 3.098844 3.033028 2.977211 2.955817 2.937211 2.921633 2.873267 2.847689 2.869083 2.957689 3.053505 3.102111 3.100478 3.114422 3.165578 3.232789
3.193267 3.175817 3.187211 3.173028 3.121633 3.065817 3.071394 3.124183 3.141395 3.084422 2.98745 2.906055 2.831633 2.768605 2.715578 2.67255 2.665339 2.726972 2.782789 2.824183 2.856972 2.865578 2.808367 2.709522 2.617889 2.582311 2.606972 2.678844 2.790716 2.890955 2.966772 3.0698 3.208644 3.347489 3.4347 3.431672 3.342828 3.201194 3.063744 2.969083 2.92745 2.91745 2.913267 2.924661 2.963267 3.009083 3.026294 3.016056 2.996972 2.989284 2.973228 2.966017 2.911833 2.80765 2.743467 2.762311 2.828367 2.884422 2.91745 2.971633 3.077211 3.194422 3.243028
3.071872 3.138844 3.161633 3.123028 3.07 3.046972 3.086972 3.15 3.145817 3.047211 2.914183 2.831156 2.795339 2.779522 2.770917 2.773706 2.787889 2.800678 2.827889 2.8751 2.916734 2.911156 2.873945 2.852311 2.822072 2.75765 2.68765 2.640678 2.630917 2.656972 2.697211 2.750239 2.811872 2.8749 2.940717 2.979322 2.9649 2.891633 2.848367 2.860917 2.876494 2.870678 2.843467 2.859283 2.882311 2.895339 2.893945 2.945339 3.059522 3.196495 3.276256 3.291833 3.221595 3.104145 3.016934 2.958567 2.923228 2.883467 2.87765 2.954861 3.076733 3.155817 3.188844
2.961395 3.056056 3.094661 3.074422 3.072789 3.096972 3.135578 3.15 3.113028 3.027211 2.948367 2.916734 2.909522 2.915339 2.908367 2.922789 2.961395 2.994183 3.009761 3.036972 3.025578 2.988367 2.966972 2.992789 3.02 2.996972 2.939522 2.863467 2.799045 2.734861 2.699522 2.695578 2.704183 2.731156 2.77255 2.801156 2.826733 2.8651 2.927889 3.012311 3.058128 3.075339 3.068128 3.063706 3.056256 3.0402 3.038567 3.092989 3.216256 3.378128 3.504183 3.551394 3.545578 3.511156 3.450917 3.352072 3.234622 3.144383 3.164383 3.213228 3.206495 3.143945 3.124183
2.985339 2.979761 3.008367 3.048367 3.096972 3.142789 3.167211 3.138844 3.061633 3.015578 3.020917 3.047889 3.052311 3.023944 2.971156 2.945578 2.967211 3.010239 3.05745 3.068844 3.051633 3.033028 3.003028 3.000239 3.008844 3.034422 3.066972 3.088128 3.066494 2.982072 2.85765 2.769045 2.770439 2.833467 2.872311 2.890917 2.9551 3.050678 3.134861 3.186256 3.204861 3.204861 3.213467 3.240678 3.306494 3.377889 3.433467 3.45765 3.474861 3.510917 3.536972 3.554422 3.56745 3.568844 3.574422 3.559761 3.5351 3.509284 3.515339 3.48 3.371394 3.243944 3.168128
3.107889 3.072072 3.089283 3.122311 3.156734 3.173944 3.158367 3.081156 3.032311 3.079283 3.173706 3.23255 3.196972 3.118367 3.049761 2.988367 2.956972 2.954183 2.98 2.998605 2.995817 2.983028 2.96 2.945578 2.949761 3.009761 3.116972 3.204183 3.234183 3.191156 3.112311 3.043467 3.052072 3.0651 3.039284 3.061833 3.161595 3.2902 3.393228 3.446256 3.456256 3.461833 3.468806 3.4802 3.511833 3.576494 3.653944 3.699761 3.701156 3.649761 3.584183 3.52 3.491395 3.508367 3.556733 3.638128 3.703944 3.701156 3.621156 3.495339 3.400917 3.359283 3.319045
3.298128 3.289522 3.283944 3.268367 3.268367 3.271156 3.232311 3.186256 3.210439 3.289284 3.333945 3.315578 3.245578 3.176972 3.115578 3.042789 3 2.981395 2.981395 2.980239 2.951872 2.926055 2.958606 2.996733 3.037889 3.093706 3.169761 3.227211 3.251633 3.248844 3.241633 3.244422 3.245817 3.228367 3.252072 3.363228 3.516256 3.626494 3.679522 3.685339 3.693944 3.733944 3.783944 3.805339 3.788128 3.758128 3.749761 3.758605 3.763028 3.705817 3.614183 3.531156 3.518128 3.579522 3.676733 3.76255 3.80255 3.7951 3.737411 3.658328 3.606695 3.613906 3.628328
3.394661 3.400239 3.364422 3.321394 3.322789 3.346972 3.379761 3.42255 3.468367 3.471395 3.417211 3.351394 3.286972 3.229761 3.161156 3.076733 3.015339 2.995578 2.981633 2.904661 2.831633 2.845578 2.968128 3.118128 3.223944 3.25255 3.239761 3.215578 3.2 3.181395 3.198367 3.226733 3.246495 3.316256 3.479284 3.636972 3.72745 3.774661 3.797211 3.79255 3.796733 3.829761 3.867211 3.88745 3.886055 3.861633 3.812789 3.758367 3.726972 3.686972 3.648367 3.616733 3.649522 3.716733 3.788367 3.844183 3.889761 3.968128 4.053706 4.106494 4.110678 4.102073 4.082073
3.277689 3.3149 3.314661 3.324422 3.34 3.383028 3.423267 3.473505 3.490716 3.457689 3.390239 3.354422 3.328605 3.296972 3.246733 3.2051 3.144861 3.059283 2.948128 2.839283 2.834383 2.945539 3.128806 3.249522 3.31 3.328605 3.309761 3.270917 3.227889 3.229045 3.3002 3.388567 3.468567 3.580439 3.67255 3.677211 3.65 3.682789 3.777211 3.860239 3.88745 3.870478 3.820716 3.779322 3.773505 3.790478 3.81745 3.808605 3.774183 3.732789 3.704183 3.726972 3.776972 3.822789 3.842789 3.87 3.941633 4.056294 4.163744 4.228167 4.259561 4.26235 4.249322
3.144183 3.162789 3.214422 3.278844 3.324661 3.321872 3.304661 3.298844 3.301633 3.314422 3.328605 3.324183 3.326972 3.342789 3.348605 3.355817 3.355817 3.255339 3.111595 3.096695 3.246695 3.409961 3.464861 3.388128 3.323945 3.336733 3.392311 3.430678 3.441833 3.511833 3.639283 3.761156 3.827211 3.813267 3.733267 3.66 3.665339 3.718128 3.764183 3.78745 3.789083 3.731872 3.630239 3.583028 3.605817 3.663028 3.724661 3.7749 3.7749 3.73745 3.731395 3.771394 3.811633 3.824661 3.841872 3.850478 3.860717 3.862589 3.878644 3.904461 3.948644 3.975617 4.007011
3.186733 3.193944 3.191156 3.212789 3.224422 3.207211 3.211395 3.232789 3.254183 3.282789 3.318605 3.35 3.37 3.357211 3.333028 3.321633 3.327211 3.366733 3.474622 3.624383 3.763228 3.802311 3.691156 3.515339 3.429522 3.460917 3.543945 3.625578 3.698606 3.75745 3.7949 3.793744 3.766772 3.680717 3.618845 3.654422 3.751633 3.814661 3.770478 3.687689 3.640478 3.611633 3.576972 3.555339 3.586972 3.617211 3.620239 3.604661 3.606055 3.648844 3.723267 3.753505 3.729322 3.699322 3.69235 3.685378 3.636772 3.530955 3.453983 3.444222 3.508644 3.580039 3.627011
3.27745 3.271633 3.26 3.236972 3.201156 3.198367 3.221395 3.244422 3.26745 3.286056 3.301633 3.343028 3.361633 3.338605 3.306733 3.306256 3.362989 3.5202 3.7751 3.96 4.013267 3.916294 3.743267 3.605817 3.551394 3.580239 3.6049 3.620955 3.642589 3.635378 3.606533 3.549083 3.493028 3.505578 3.563945 3.633945 3.7 3.699083 3.615139 3.517928 3.490716 3.529322 3.590716 3.623506 3.606294 3.573505 3.533505 3.494661 3.511633 3.564661 3.590716 3.560716 3.521872 3.498844 3.44745 3.389083 3.342111 3.270478 3.164422 3.1 3.125817 3.204422 3.298605
3.195817 3.215817 3.255817 3.277211 3.271394 3.258367 3.24255 3.223944 3.203944 3.21255 3.261156 3.304183 3.308605 3.332789 3.428128 3.560678 3.717889 3.846733 3.923028 3.923744 3.84725 3.705855 3.596772 3.550716 3.532111 3.487928 3.415139 3.345139 3.320716 3.339083 3.384661 3.413028 3.454183 3.548367 3.655578 3.717211 3.683267 3.543505 3.380478 3.314422 3.308605 3.331633 3.387689 3.430717 3.433506 3.387689 3.350478 3.383267 3.440478 3.447689 3.394661 3.377211 3.411395 3.427211 3.368605 3.265578 3.181156 3.165339 3.152311 3.130678 3.133467 3.196495 3.303945
3.189522 3.208128 3.241156 3.266972 3.286972 3.315578 3.328367 3.323945 3.310917 3.3151 3.349522 3.343945 3.315339 3.366733 3.548367 3.738844 3.855139 3.894222 3.814461 3.634461 3.405617 3.265378 3.283983 3.323983 3.316772 3.253744 3.170717 3.113267 3.133028 3.207211 3.288605 3.367211 3.471633 3.583266 3.662111 3.658167 3.535378 3.350717 3.248844 3.273028 3.295817 3.275817 3.245817 3.244422 3.265817 3.254183 3.236972 3.275817 3.303267 3.293267 3.291633 3.346056 3.3949 3.382111 3.340478 3.295817 3.259761 3.275339 3.306733 3.335339 3.351156 3.36 3.369083
3.32255 3.336733 3.329522 3.329522 3.346733 3.363945 3.389761 3.416972 3.445578 3.47 3.464422 3.428606 3.42255 3.488128 3.598605 3.640717 3.5898 3.488644 3.348644 3.185378 3.047689 2.976056 2.977689 3.007928 3.016533 2.997928 2.966294 2.996056 3.078844 3.176055 3.260478 3.326294 3.390717 3.439561 3.4398 3.360955 3.244661 3.172789 3.185578 3.227211 3.256056 3.238844 3.217211 3.214183 3.245578 3.285578 3.285578 3.255578 3.206972 3.195578 3.237211 3.24745 3.223267 3.19745 3.211633 3.264422 3.318605 3.368605 3.403028 3.418844 3.40745 3.346056 3.230239
3.408367 3.442789 3.452789 3.455578 3.456972 3.458367 3.456972 3.464183 3.48 3.468606 3.427211 3.415817 3.494422 3.586056 3.567689 3.437689 3.264661 3.101633 2.967211 2.907211 2.901633 2.87745 2.826056 2.794661 2.794661 2.791633 2.821394 2.911395 3.001633 3.069083 3.107928 3.145139 3.17235 3.150955 3.096533 3.093505 3.129083 3.171872 3.203267 3.193267 3.160239 3.165817 3.198606 3.238605 3.277211 3.313028 3.315817 3.291394 3.259761 3.239761 3.225578 3.175578 3.129761 3.128367 3.164183 3.23 3.304422 3.348844 3.343266 3.329083 3.309083 3.246056 3.164422
3.465578 3.464183 3.472789 3.49 3.495817 3.49745 3.483267 3.473267 3.466056 3.44745 3.404422 3.388606 3.446055 3.470716 3.395139 3.273505 3.153267 3.038844 2.940239 2.878844 2.841633 2.798605 2.742789 2.7 2.704183 2.756733 2.848128 2.928367 2.95 2.937211 2.914183 2.93 2.931633 2.901633 2.883028 2.914661 2.972111 3.026533 3.06235 3.056533 3.076294 3.121872 3.176055 3.220239 3.253028 3.263028 3.280239 3.288844 3.300478 3.276294 3.240478 3.198844 3.180239 3.173028 3.185817 3.224422 3.254661 3.256294 3.219083 3.188844 3.174422 3.154422 3.120239
3.509761 3.509522 3.509522 3.499761 3.467211 3.413028 3.373028 3.363028 3.36745 3.351872 3.350478 3.363267 3.34745 3.276056 3.164661 3.089083 3.029083 2.956055 2.88 2.825339 2.813706 2.817889 2.793467 2.739045 2.764861 2.883706 2.975339 2.985578 2.952789 2.928367 2.951156 2.939761 2.89255 2.86255 2.853945 2.833945 2.81255 2.822789 2.83 2.852789 2.925817 3.000239 3.080239 3.153028 3.200239 3.210239 3.208844 3.206055 3.164661 3.118845 3.111633 3.121633 3.114422 3.125817 3.158606 3.188606 3.158606 3.11 3.088605 3.114422 3.130239 3.111633 3.053028
3.572789 3.628606 3.624422 3.553028 3.45 3.378367 3.343945 3.33255 3.296972 3.242789 3.231395 3.258605 3.267211 3.198367 3.096494 3.001833 2.943228 2.911833 2.920439 2.954861 2.986495 3.005339 3.01255 3.000917 3.002311 3.041156 3.072789 3.028367 2.979761 2.981395 3.008844 2.990239 2.971395 2.953944 2.959522 2.940917 2.906734 2.858128 2.852311 2.892311 2.919522 2.95255 3.022789 3.100239 3.12745 3.138844 3.133028 3.12 3.086733 3.077889 3.090678 3.102072 3.113467 3.133467 3.1751 3.198128 3.172311 3.140678 3.113467 3.100917 3.076972 3.06 3.016972
3.573267 3.589322 3.556533 3.489083 3.447211 3.438367 3.441156 3.418367 3.353945 3.279522 3.255339 3.255578 3.251395 3.259761 3.292072 3.3102 3.264384 3.216017 3.206256 3.202072 3.176495 3.120917 3.103945 3.136972 3.144183 3.116972 3.103945 3.093945 3.05255 2.996972 2.942789 2.93 2.975817 3.034422 3.070239 3.053267 2.998844 2.97 2.995578 3.035578 3.049761 3.045339 3.051156 3.048367 3.055578 3.076972 3.099761 3.138128 3.210917 3.269522 3.298128 3.318128 3.339522 3.359522 3.349522 3.330917 3.332311 3.3551 3.349283 3.269045 3.164622 3.100439 3.093467
3.446294 3.373506 3.3249 3.340478 3.414661 3.476056 3.493267 3.454661 3.42745 3.397211 3.355578 3.299761 3.271156 3.33255 3.496972 3.626972 3.619522 3.534861 3.470439 3.436256 3.367889 3.273706 3.212311 3.203706 3.197889 3.194861 3.216495 3.189761 3.132789 3.05255 2.980917 2.948128 2.958367 2.993028 2.989083 2.931872 2.921633 2.967211 3.025817 3.067211 3.108605 3.14 3.125578 3.106972 3.095578 3.121394 3.161395 3.244422 3.324661 3.370478 3.390478 3.406294 3.432111 3.452111 3.447689 3.443267 3.45745 3.49745 3.521633 3.508605 3.451156 3.368128 3.313945
3.297211 3.205817 3.164422 3.20745 3.296294 3.356533 3.355139 3.329322 3.3249 3.359083 3.381633 3.368367 3.355339 3.418367 3.534422 3.660239 3.748367 3.782072 3.756256 3.680917 3.546972 3.417211 3.341633 3.341633 3.37 3.412789 3.378606 3.248605 3.151395 3.135578 3.125339 3.080917 3.026733 2.961156 2.875339 2.843706 2.890917 2.963944 3.009761 3.054183 3.097211 3.131633 3.150239 3.143028 3.124422 3.11745 3.146294 3.175139 3.189561 3.208167 3.23235 3.230716 3.230716 3.245139 3.268167 3.292589 3.327011 3.367011 3.422589 3.46235 3.490716 3.463267 3.393028
