Snitker/DATA/rasters/navarres_elevation.asc
NCOLS 681 
NROWS 460 
XLLCORNER 688715.167550153 
YLLCORNER 4318413.43839553 
CELLSIZE 30 
NODATA_value -3.4e+38 
[rows 215 to 257 of 460, columns 95 to 189 of 681]
430 415 400 392 387 383 385 385 385 387 396 406 416 438 447 455 468 485 487 489 490 490 485 483 482 473 470 469 469 470 471 474 476 478 478 478 477 473 470 468 467 464 463 462 462 460 459 459 458 457 456 455 454 454 453 452 450 446 445 443 442 442 442 439 436 433 431 430 428 424 424 425 424 424 424 423 422 421 417 416 413 408 404 405 407 408 408 407 405 401 393 390 390 390 397
417 398 393 388 385 384 387 389 389 393 401 407 413 431 442 450 458 475 481 486 489 488 486 485 483 476 474 472 470 469 472 474 474 475 476 476 476 473 467 466 465 465 462 460 459 461 462 461 457 453 452 451 450 450 450 448 447 445 445 446 446 447 443 440 439 432 428 424 421 422 422 423 424 424 423 423 422 420 418 416 414 408 400 398 398 398 397 396 394 391 387 389 392 395 403
408 392 388 388 389 392 393 392 394 401 407 410 413 429 439 445 453 471 479 485 488 487 485 484 482 478 476 473 472 470 470 471 471 470 470 472 473 470 467 463 464 464 463 461 459 461 460 460 459 457 455 452 450 448 448 448 448 447 446 445 443 443 443 441 439 436 428 423 421 421 422 422 422 421 420 422 422 421 418 416 414 410 403 399 396 393 390 390 391 390 390 392 395 400 405
400 390 391 395 402 411 407 403 404 409 412 415 418 429 435 440 447 466 476 484 487 488 488 486 486 483 480 476 473 465 462 461 462 466 467 469 470 465 463 463 464 463 462 462 460 457 457 458 457 458 456 454 450 447 444 444 446 447 448 446 444 442 441 442 440 435 431 428 426 425 423 423 420 417 417 418 418 417 415 416 414 410 406 403 399 397 396 395 394 394 393 397 401 405 407
395 392 399 414 422 428 425 416 411 410 412 414 418 429 438 445 451 466 476 484 487 486 487 487 487 486 483 478 475 465 460 457 454 457 461 464 467 466 464 461 462 463 457 458 456 453 452 454 456 456 454 452 450 449 446 444 442 442 443 443 443 442 440 441 443 443 440 440 438 438 433 429 426 426 423 423 423 421 415 415 415 413 406 413 411 407 405 405 404 403 407 407 407 407 407
395 399 415 427 434 430 426 421 414 412 413 414 415 428 438 452 460 472 480 483 485 483 483 485 485 485 482 478 475 472 464 461 456 451 449 450 454 456 450 448 449 451 457 448 448 446 445 444 447 449 448 445 445 446 447 444 442 441 440 441 441 441 439 438 439 439 437 437 436 436 435 434 433 431 428 426 426 426 420 420 419 417 414 413 411 414 410 410 410 410 409 409 408 407 405
393 399 427 432 434 432 430 427 422 414 414 415 416 427 440 454 464 470 481 484 483 483 479 480 481 482 482 479 477 476 468 465 461 457 451 451 450 449 442 437 434 435 443 448 441 435 432 434 431 433 435 438 439 441 442 442 443 443 442 443 442 443 440 437 436 434 431 431 432 431 430 429 429 430 430 427 425 425 424 422 421 419 417 417 416 414 410 409 409 409 408 405 404 405 407
395 415 427 442 442 434 432 429 426 422 415 415 419 426 447 457 466 473 479 482 483 484 483 482 481 481 480 479 480 481 475 470 464 459 454 454 453 452 443 438 435 433 436 439 441 434 429 430 427 425 425 430 433 431 434 439 443 444 442 441 439 439 438 436 436 435 430 429 428 429 429 428 426 428 429 427 422 421 422 423 422 420 418 418 418 416 410 406 406 405 406 405 406 405 407
404 417 440 442 452 444 437 433 429 427 422 423 427 435 451 459 467 472 478 481 483 484 485 483 483 483 481 482 482 482 480 477 472 466 459 459 458 457 450 446 442 440 441 442 443 434 431 431 432 430 426 429 428 426 429 435 442 445 442 439 438 436 432 430 427 424 424 423 423 424 427 427 425 425 423 423 420 418 418 420 420 418 415 414 415 414 412 406 411 411 410 408 405 404 404
426 440 455 453 452 450 444 442 439 437 435 437 441 446 456 462 468 473 479 481 483 485 482 481 481 479 476 475 476 479 481 480 477 475 472 470 468 466 463 460 456 452 445 442 441 438 431 444 442 438 435 433 427 424 425 429 433 436 441 439 438 435 428 426 423 418 415 414 412 412 415 418 422 423 425 421 418 417 417 421 420 418 415 414 414 412 410 411 411 415 412 408 406 406 403
453 460 465 463 457 450 444 449 447 447 449 452 457 461 463 465 472 479 482 481 482 484 479 478 477 475 473 473 472 474 475 474 472 473 474 474 474 470 468 468 466 463 455 453 452 451 446 444 442 441 438 438 433 426 424 428 433 437 439 439 438 434 428 419 414 411 411 405 401 399 400 405 409 416 418 415 412 411 412 417 415 414 412 414 414 413 411 415 416 415 408 405 403 401 401
474 480 481 477 468 462 450 449 457 456 459 460 462 464 469 474 480 483 482 482 485 485 481 479 478 476 473 475 475 475 473 470 468 467 469 471 471 468 465 465 464 464 460 461 460 458 455 451 448 441 442 439 435 423 419 424 430 433 435 437 436 432 426 413 409 407 405 403 400 398 396 398 403 407 410 408 407 407 408 412 415 414 412 410 411 411 411 412 412 409 408 401 397 396 396
489 493 496 490 482 475 462 458 457 465 465 464 467 470 479 484 486 486 486 489 489 490 481 479 477 474 471 471 473 475 473 469 467 465 466 469 470 467 464 459 458 458 456 458 457 454 449 442 440 439 442 433 426 420 410 405 410 412 419 424 428 426 420 410 406 403 400 402 398 402 398 394 396 399 400 403 402 400 399 402 405 404 405 405 405 405 407 409 408 406 405 401 397 385 384
501 503 504 501 498 493 477 471 466 465 475 476 479 483 488 489 489 487 485 484 486 490 479 475 469 465 464 466 468 469 469 463 462 461 461 465 464 462 457 454 453 454 454 455 453 447 438 422 418 417 423 433 422 413 402 384 390 393 404 412 417 416 412 405 404 403 400 398 397 402 404 393 390 389 389 391 389 389 388 394 395 396 396 397 397 399 400 401 400 398 396 392 387 385 369
507 506 504 502 499 496 490 484 480 477 475 489 490 490 489 488 488 487 487 484 484 486 484 470 465 461 460 465 465 463 461 456 455 456 460 465 462 457 452 447 446 446 447 447 444 438 429 407 405 406 409 422 422 404 395 382 381 382 386 398 401 404 404 408 408 406 406 401 400 401 404 395 391 388 388 386 383 381 379 384 387 388 387 387 387 390 393 393 392 390 389 382 378 371 369
505 505 504 503 502 500 497 496 495 492 489 489 490 488 486 486 487 488 489 484 482 483 480 470 466 463 463 464 462 457 456 452 451 453 457 459 456 450 444 439 436 437 440 441 437 430 421 406 404 402 406 414 415 404 396 389 388 383 380 384 388 391 395 407 408 408 408 408 407 407 404 400 397 395 393 386 382 377 373 376 378 378 377 375 373 374 376 380 380 379 377 373 364 357 354
504 505 505 502 501 499 497 495 496 495 494 492 490 488 488 486 485 484 484 484 482 481 481 476 473 471 466 458 453 448 449 445 444 445 448 452 449 444 437 424 422 423 426 427 426 422 416 410 409 407 406 408 406 399 396 400 395 388 380 372 373 375 382 398 408 412 414 414 412 408 405 401 398 396 395 389 384 377 370 368 368 368 368 369 368 368 368 366 363 360 358 356 351 347 345
504 504 501 498 497 495 493 489 488 487 488 489 489 488 488 488 487 485 483 481 480 480 481 476 473 468 465 451 447 446 447 441 438 437 437 440 440 435 425 417 416 417 420 422 421 415 411 412 413 411 407 401 399 398 397 400 395 382 372 366 365 366 369 380 391 397 405 412 410 407 404 404 401 397 392 388 375 368 363 363 367 368 367 366 362 362 361 359 351 349 349 350 351 352 351
500 498 497 494 492 491 490 489 488 486 488 489 488 486 487 488 483 483 482 478 479 480 480 472 469 465 460 449 449 448 445 427 425 425 429 430 430 429 424 419 418 416 414 412 411 408 408 411 411 410 405 398 398 401 402 397 395 382 363 358 364 365 359 361 370 373 377 382 392 390 388 383 379 372 367 364 360 361 360 360 361 360 359 359 356 355 354 352 347 346 348 351 356 357 355
499 499 497 495 494 492 492 483 482 484 483 484 486 485 482 483 483 478 476 475 474 474 473 469 465 463 457 450 452 448 438 424 426 430 432 431 427 426 424 419 412 402 400 399 394 380 383 390 394 398 398 399 399 399 398 397 373 365 363 361 373 372 366 362 359 361 364 367 370 369 366 358 355 356 353 352 350 352 353 354 354 354 354 354 353 352 351 350 349 351 354 356 358 358 357
501 500 498 496 494 493 491 484 482 483 478 482 482 479 479 480 480 478 474 473 473 473 473 464 460 453 447 439 437 436 431 426 429 434 434 431 427 423 418 391 380 375 373 370 367 366 365 365 367 379 386 393 397 393 389 378 362 361 360 361 384 386 383 377 364 360 358 358 359 358 356 354 353 352 351 350 350 350 349 349 350 351 352 353 358 358 358 359 364 365 364 363 360 359 360
498 498 497 494 492 491 492 486 484 484 478 478 479 479 477 476 474 474 474 458 460 462 461 453 448 442 437 430 436 430 431 436 438 442 444 443 430 419 399 380 372 372 371 370 368 368 368 365 363 368 378 386 388 382 370 364 361 363 368 374 384 391 388 384 369 364 362 359 358 357 355 354 359 361 361 361 360 359 356 355 356 359 362 363 365 367 368 369 377 376 372 367 361 360 360
499 498 496 493 491 490 489 487 487 488 482 478 483 480 478 470 468 463 458 458 454 451 449 446 445 441 439 437 437 438 439 442 449 451 451 449 423 402 384 377 373 373 374 374 377 379 379 377 366 369 375 380 374 365 363 361 365 372 380 386 392 391 392 386 375 372 368 368 368 367 367 366 370 372 373 371 374 377 376 374 376 378 380 383 387 389 389 388 385 381 377 373 371 368 369
496 495 493 494 493 493 491 492 494 491 487 486 476 476 474 469 463 459 450 449 454 456 454 453 449 444 443 442 442 444 447 452 457 457 453 443 413 394 383 377 375 377 379 382 388 392 392 389 376 374 371 375 366 363 362 364 374 384 393 399 398 398 392 385 376 374 370 371 376 378 381 381 382 385 387 386 385 389 391 391 390 392 395 399 401 400 400 396 390 383 376 373 375 380 374
495 493 493 492 492 492 494 494 494 492 487 485 477 476 473 471 456 449 453 453 456 456 454 459 452 451 451 450 451 451 451 450 450 448 443 433 414 395 383 377 373 375 378 382 387 391 394 396 383 374 373 372 366 367 369 380 392 402 405 406 401 397 390 385 374 373 376 379 388 394 397 398 398 399 400 401 398 398 400 400 396 397 398 400 400 398 396 393 391 380 373 372 375 378 376
489 490 490 489 487 487 488 491 497 494 489 481 481 474 469 470 454 455 456 459 465 464 463 459 463 459 456 454 449 442 433 430 424 426 428 428 410 406 394 383 375 374 374 377 386 392 398 402 389 380 376 375 373 379 385 393 405 411 413 411 400 392 384 375 374 373 384 386 394 400 404 406 406 403 404 406 405 405 406 403 402 406 403 401 398 395 392 389 387 379 375 375 378 374 368
494 491 489 486 484 484 484 486 489 489 488 480 475 472 468 465 458 459 464 467 469 469 469 466 463 459 451 444 424 409 407 408 409 411 411 413 410 400 397 391 380 376 376 376 384 393 402 408 400 391 384 381 380 386 399 405 413 414 412 408 395 386 379 375 374 380 384 394 399 410 410 409 407 404 406 407 407 408 407 405 407 408 405 402 400 392 388 386 386 387 384 381 379 368 361
497 495 483 478 474 475 477 478 476 461 464 463 461 467 469 472 469 471 472 473 476 476 476 475 466 459 438 421 393 389 390 391 390 390 391 393 395 393 392 390 386 383 381 379 384 393 408 414 403 396 388 385 388 405 412 413 413 409 406 403 401 383 380 381 383 389 392 394 405 414 415 416 415 412 411 411 410 409 409 410 408 408 405 403 401 394 390 389 389 389 388 385 382 367 360
496 489 477 467 465 467 466 463 464 467 457 456 463 480 475 473 475 476 477 478 477 475 473 470 452 443 438 404 383 381 380 381 380 380 380 380 380 379 378 378 379 379 379 380 383 400 411 420 421 411 406 404 406 408 409 408 407 405 404 401 397 385 383 385 389 396 396 399 405 417 419 418 419 417 417 417 416 413 413 412 408 403 403 404 402 395 393 390 388 386 388 388 385 368 362
492 478 467 460 464 468 468 470 463 467 466 471 479 482 478 476 478 479 480 479 474 469 462 455 439 431 422 404 383 383 386 387 387 383 382 381 381 380 378 377 377 380 382 385 392 412 420 425 424 414 411 408 407 405 404 402 399 397 398 397 395 387 387 391 397 403 403 404 408 417 420 419 419 417 417 416 415 413 413 411 407 403 404 405 403 394 390 387 384 384 387 388 386 369 367
481 471 464 462 473 475 478 481 484 485 484 490 482 480 479 479 479 478 476 473 466 461 455 444 437 421 410 397 385 386 388 393 397 396 394 390 389 387 385 384 385 391 394 402 412 427 426 425 424 413 411 411 409 400 398 396 395 396 397 397 396 391 392 396 404 412 412 412 415 420 420 421 420 416 415 413 412 412 412 410 408 403 404 404 402 389 386 383 382 381 382 380 375 370 371
466 468 468 473 480 483 487 489 490 490 487 485 484 481 481 482 481 475 472 469 462 446 441 436 431 410 397 392 388 386 388 401 409 410 405 400 397 396 396 397 400 410 418 425 431 430 428 424 417 409 409 410 410 403 400 399 400 400 399 399 399 396 400 406 413 418 419 418 417 420 421 421 422 420 419 417 414 411 412 409 406 404 403 402 398 389 384 382 381 377 374 373 370 371 373
475 471 476 483 486 491 491 492 493 490 489 487 486 486 483 482 481 474 472 467 460 435 430 426 423 408 396 388 390 391 395 401 413 423 421 416 413 409 408 408 410 420 425 428 427 426 423 420 414 411 411 413 414 410 407 403 401 403 402 402 401 402 403 410 414 414 416 416 417 421 423 423 422 420 422 421 418 408 409 408 407 405 403 400 397 392 381 379 378 378 373 371 371 372 374
484 476 482 488 493 490 490 491 490 489 489 488 488 487 485 483 481 476 474 471 460 432 426 422 416 405 397 390 388 392 395 403 413 433 430 426 424 423 423 421 420 425 423 422 424 421 420 416 412 417 417 417 419 417 414 411 412 407 404 402 400 401 406 411 415 415 414 416 418 424 425 424 424 424 422 420 416 412 410 410 410 409 400 397 393 386 369 364 362 366 369 368 370 371 376
488 488 493 497 496 491 491 491 491 489 488 486 485 482 481 479 477 474 472 466 458 434 429 424 416 401 394 390 386 390 396 405 419 433 437 433 432 431 431 430 428 427 426 425 423 416 415 414 417 421 422 421 424 428 425 422 419 404 400 400 399 404 411 415 419 422 422 421 421 420 421 421 422 423 421 420 415 412 411 412 410 407 398 391 390 383 366 362 360 361 363 365 369 371 380
496 494 496 497 496 490 490 490 489 486 484 482 480 478 476 474 471 468 464 460 454 435 429 423 416 401 397 391 387 389 393 406 421 438 437 440 437 435 435 434 433 426 424 423 419 416 417 416 420 424 426 425 425 428 425 421 415 406 393 396 398 403 414 419 422 423 425 425 424 423 422 422 423 422 421 418 415 416 412 410 407 404 396 393 388 382 369 369 369 369 370 372 375 378 384
498 493 492 492 490 487 484 482 481 479 475 473 471 467 465 462 459 455 452 448 442 429 424 418 412 400 397 392 389 390 396 408 424 444 442 440 438 438 435 432 430 425 421 420 419 418 420 422 423 427 429 427 428 428 417 412 407 401 398 402 405 409 419 422 424 425 423 422 421 421 422 423 423 421 420 418 417 416 410 408 405 402 396 391 386 382 375 377 379 380 378 379 381 384 388
494 492 491 487 484 478 473 471 470 469 466 463 464 457 452 447 444 442 442 439 433 419 412 407 401 394 392 390 389 394 403 419 435 443 442 439 438 433 431 429 429 429 428 427 427 426 427 427 428 431 432 433 431 425 412 406 400 399 404 407 411 419 426 426 426 425 425 424 424 425 424 423 423 422 422 420 418 415 410 402 399 397 394 389 385 380 383 385 385 386 385 386 388 392 395
490 487 486 482 477 470 466 464 466 461 458 457 457 450 445 440 436 432 431 426 417 403 397 392 390 390 389 391 394 400 419 433 442 447 438 433 431 433 431 430 430 429 431 432 431 431 429 430 432 431 432 433 429 425 407 401 399 401 408 413 420 424 430 431 431 430 429 428 428 427 423 422 421 422 419 417 414 411 405 402 391 390 386 384 381 381 390 390 390 389 391 393 395 397 396
492 484 484 482 481 473 468 462 460 449 443 441 441 438 436 432 427 422 414 405 398 394 390 391 391 395 405 409 418 421 438 447 451 449 435 433 434 433 430 430 435 436 435 435 436 440 438 437 437 439 436 431 424 416 406 405 408 410 417 422 426 427 433 436 436 434 431 430 428 426 422 421 420 419 418 416 413 408 396 392 391 386 386 385 384 386 394 397 401 399 395 397 399 399 398
489 482 485 486 484 480 465 458 455 448 435 423 423 427 428 423 420 414 402 397 394 393 395 401 411 417 426 430 433 438 447 451 450 448 443 442 439 437 434 434 435 447 441 441 441 442 444 444 441 440 432 423 415 409 406 411 416 419 425 431 433 436 437 435 435 433 430 429 427 424 420 418 417 416 414 413 409 400 387 385 386 386 386 389 391 392 396 404 408 407 404 401 402 401 401
484 482 485 486 486 484 469 463 456 447 426 417 415 417 419 415 410 405 398 396 394 394 408 414 425 428 436 440 445 448 448 448 448 448 446 444 441 439 439 440 445 447 447 447 446 446 446 445 440 436 425 418 409 406 404 412 416 421 432 437 438 437 437 437 435 434 431 429 426 421 413 410 409 408 405 405 401 395 389 383 382 386 387 389 398 400 403 406 407 407 407 404 403 402 401
484 485 484 486 485 483 472 469 462 447 425 417 412 408 406 403 400 398 396 395 399 405 420 428 435 442 447 452 453 450 444 444 446 448 448 448 449 448 449 448 450 450 447 452 451 450 446 444 438 433 422 416 410 407 413 421 425 431 437 440 440 438 436 435 434 435 436 429 426 421 413 400 395 395 397 395 393 387 382 384 385 387 389 395 398 406 406 405 405 406 406 403 401 398 396
