Snitker/DATA/rasters/navarres_wind_30m_ang.asc
NCOLS 681 
NROWS 460 
XLLCORNER 688715.167550153 
YLLCORNER 4318413.43839553 
CELLSIZE 30 
NODATA_value -3.4e+38 
[rows 196 to 223 of 460, columns 378 to 440 of 681]
348.139435 348 347 347 347.139435 347.139435 347.139435 348 348 347 347 348 349 348.860565 347.860565 346.860565 347 348.139435 349.139435 348.139435 346.2789 345.2789 346.139435 346.139435 345.860565 345.581665 347.302765 349.302765 354.302765 356.860565 357.139435 353.418335 350.2789 347.2789 347.418335 350.418335 353.2789 355.2789 356.418335 357.2789 356.139435 354 351.860565 350.7211 351.7211 352.860565 354.7211 353.860565 351.139435 349.2789 348.418335 348.139435 347 345 344.860565 344.7211 344.7211 344.860565 345.860565 347.860565 348.860565 350 351
349 348 347.139435 347.139435 348 348 348 348.139435 348 347.139435 347.139435 348 348.860565 347.860565 346.860565 346 347 349 350 349.139435 348.139435 347.139435 347.139435 347.139435 345.139435 343.139435 342.7211 344.44223 349.16333 355.16333 357.7211 356.2789 352.418335 349.55777 350.418335 353.139435 355.139435 357.139435 309.078705 309.078705 357.2789 354.2789 351.139435 349 349.860565 351.581665 352.581665 352.7211 352 351.2789 351.2789 349.2789 347.2789 345.2789 344 342.860565 342.860565 343.860565 345 347 348 349.860565 350.860565
349 348 348 348.139435 348 348 348 349 348.2789 348.139435 348 347.860565 347.860565 347 346.139435 346.139435 347 348.860565 349.860565 349.860565 349 348.2789 348.139435 348 346.139435 344.139435 341.2789 341 343.44223 349.023895 355.16333 357.860565 355.697235 353.697235 353.418335 354.139435 355.860565 357.860565 0.860555 1.139446 309.21814 356.55777 352.418335 349.139435 348.7211 348.581665 349.581665 350.581665 351.860565 352.860565 352.860565 351.139435 349.139435 347.2789 344.2789 342.2789 342.139435 343.139435 345 346.860565 347.860565 348.860565 349.860565
348.860565 348 348 348.860565 348 348 348.139435 349.139435 350 349.139435 348 347 346.860565 347 347.139435 347.139435 347.139435 347.860565 348.7211 348.7211 349 350 349.139435 348.139435 347 345.139435 343.139435 341 339.7211 342.302765 349.023895 356.44223 309.799805 308.357605 306.49704 355.2789 355 356.860565 49.921291 2 2.418336 310.21814 355.55777 350.418335 347.139435 345.860565 346.581665 347.581665 350.581665 351.7211 351.860565 351.7211 350 349 346.139435 344.2789 343.55777 344.55777 345.139435 345.860565 346.7211 347.7211 348.7211
348 348 347.860565 347.860565 348 348.139435 349.139435 350 349.860565 349.7211 348 347 346.139435 347 347.860565 348 348 347 346.860565 346.860565 348.860565 349.860565 349.860565 348.860565 347 346 344.139435 341.139435 338 337.860565 342.44223 352.023895 49.642403 2 1.278892 357.418335 355.2789 356 358 1.860555 4.860555 3.139446 309.21814 353.55777 348.418335 345.139435 344 345 347.860565 349.7211 350.581665 349.7211 349.581665 348.7211 347 346.2789 347.418335 348.2789 346.2789 345.139435 345 345.860565 346.860565
347.860565 348 347.139435 347.139435 348 349.139435 350.139435 350 348.860565 348 348 347.139435 347.139435 347 346.860565 347.581665 347.7211 346.860565 346 346 347.860565 348.7211 348.860565 348 347 346 345 342.139435 338.418335 337.418335 339.139435 345.44223 354.88443 51.502956 2.721112 309.799805 357.2789 356.2789 358 50.921291 3.44222 3.72111 2.139446 307.49704 351.83667 346.55777 344.2789 345.139435 347.139435 348 347.860565 347.7211 346.860565 346.860565 346.860565 348 350 350 348.139435 346.2789 345.2789 345.139435 345.860565
347 348.139435 348.139435 348.139435 348.2789 350.139435 351 350 348.139435 348 348.139435 348.2789 348.139435 347.139435 345.860565 344.7211 345.44223 345.581665 345.7211 345.7211 346.7211 346.7211 347.7211 347.860565 347 346 345.139435 343.2789 341.55777 340.55777 340.2789 341.7211 347.302765 355.88443 50.36351 50.060738 309.078705 358.2789 358 358.581665 49.502956 51.502956 2.860555 2.278892 307.357605 350.697235 346.697235 346.2789 348 347.860565 346.7211 345.860565 345.860565 346 345.860565 347.7211 349.581665 349.7211 349 348.139435 347.139435 346.139435 345.139435
347.139435 349 349.139435 349.2789 350.139435 351 351 350.139435 349.2789 348.418335 349.2789 350.139435 349.139435 348.139435 345.2789 343.139435 341.860565 342.44223 343.16333 343.16333 344.302765 344.581665 345.7211 346.7211 346.7211 346 346.139435 345.418335 345.55777 344.697235 342.418335 340.2789 342.860565 348.302765 354.16333 358.44223 50.921295 359.860565 357.860565 355.581665 354.44223 356.44223 51.781845 3.860555 1.278891 305.636475 351.83667 348.697235 348.139435 346.860565 344.7211 344.7211 344.860565 345.860565 345.139435 345.860565 346.7211 347.581665 348.581665 348.7211 348 347.139435 346.418335
348.139435 349 349.860565 351 351.139435 351.139435 351 351.139435 351.2789 351.2789 351.2789 351.139435 350.139435 349.2789 347.418335 344.55777 341.55777 339.2789 337.7211 337.581665 339.44223 341.7211 343.7211 344.581665 344.7211 345.860565 347 348.139435 349.418335 349.418335 345.55777 342.697235 342.418335 343.860565 348.44223 354.44223 358.44223 358.581665 356.581665 352.7211 350.860565 352.860565 358.44223 52.781845 3.139445 1.697226 307.77594 353.697235 349.418335 346.139435 343.139435 343 343.860565 344.860565 345.860565 345.139435 345.139435 345 345.860565 346.7211 347.7211 348.139435 349.418335
349 349 349.139435 351 352 352 351.139435 352.139435 353 353.139435 353.139435 352.139435 351.2789 351.2789 350.418335 348.55777 345.55777 341.55777 336.83667 335.697235 336.55777 340.139435 341.860565 341.860565 342.860565 345 347 349.139435 351.860565 352 349.2789 347.418335 345.55777 343.418335 344.860565 350.302765 354.16333 355.302765 353.44223 350.581665 349.860565 351.860565 354.7211 359.581665 4.139445 6.418335 4.418336 308.21814 352.2789 347.418335 344.55777 343.55777 343.2789 344 344.860565 345.860565 346 345.2789 345.139435 345 346 349.139435 352.139435
349 349 349.860565 350.860565 351.7211 351.860565 352 353 353.139435 354 353.860565 353 353 353.139435 353.139435 352 349 345.2789 342.55777 340.697235 340.697235 341.55777 341.418335 341.2789 342.2789 345.139435 347.2789 350 351 352 351.2789 350.2789 349.139435 346.2789 344.2789 345.860565 348.44223 350.16333 349.302765 347.7211 348.7211 350.7211 352.7211 356.860565 4.860555 8.860555 6.860555 1.139447 354.2789 350.2789 348.2789 347.2789 345.418335 344.418335 344.139435 344.860565 345.860565 346.860565 346 345 346 350 353
349 349 349 349.860565 349.860565 350.860565 351.860565 352.860565 353.860565 353.7211 352.860565 352.860565 352.860565 353.7211 353.7211 351.7211 349 347.139435 346.2789 345.55777 345.55777 345.2789 344.418335 343.55777 344.55777 346.418335 349.139435 350 351 352 353.139435 352.418335 350.418335 348.2789 346.418335 345.2789 344.860565 344.581665 344.7211 345.7211 346.860565 348.860565 350.860565 355.860565 3.581665 7.581665 5.860555 2.000002 356.2789 352.2789 350 349 348.2789 347.418335 345.418335 344.139435 344.860565 345.860565 345.860565 345 346 350 353.139435
349.139435 349 349 349 349 350 351 351.860565 352.7211 351.860565 351.860565 351.860565 351.860565 351.7211 351.44223 349.7211 348.860565 348.139435 348.139435 349.139435 349.139435 347.2789 347.139435 347.2789 348.418335 349.418335 350.2789 350.139435 350.860565 352 354 355.139435 353.2789 350.55777 349.418335 347.418335 344.418335 342.2789 343 344 346 348 350 354.860565 50.781845 4.44222 4.72111 2.139446 308.21814 354.2789 350.139435 349 349.860565 350 348.2789 345.418335 344.2789 345 345 345 346.139435 350 354
349.860565 349 349.139435 349.139435 349.139435 350.139435 351 351 350.860565 350.860565 351 351 351 349.860565 348 347.860565 348 348.860565 349 350 350 349.139435 348.139435 349.139435 351.139435 352.2789 352.139435 351.139435 350.2789 352.139435 354 355.860565 355.139435 354.2789 352.2789 350.139435 347.418335 344.697235 343.418335 344.139435 345.7211 347.581665 349.860565 353.860565 357.581665 50.642403 2.72111 3.139445 1.278892 356.418335 351.418335 349.139435 349 349.860565 350 348.139435 346.139435 345.2789 345.2789 345.2789 347.139435 350.139435 353.7211
349 349 349.860565 350 350.139435 351 351 351 350 349.860565 350.860565 350.860565 350.7211 348.7211 347.860565 347 348 348 349 350 350 350 349.139435 350.139435 352 353.860565 353 352.2789 352.2789 353.139435 353.860565 354.860565 355.860565 355.860565 354.139435 351.2789 350.418335 349.418335 346.697235 345.2789 343.860565 344.7211 348.581665 352.581665 354.44223 356.44223 51.060738 4.139445 3.278892 309.21814 354.2789 350.139435 348.860565 348.7211 349.7211 348.7211 347 347.2789 347.418335 347.418335 348.2789 350.860565 351.7211
348.860565 348.860565 348.860565 349.7211 350.7211 350.860565 350.860565 350.860565 349.860565 349 349.860565 349.860565 348.860565 346.860565 346.860565 346.7211 347.7211 347.860565 348.860565 349.860565 350 350 350 351 351.860565 352.7211 352.860565 353.860565 354 354 353 353.860565 354.860565 354.860565 354.860565 353.139435 353.2789 352.418335 351.2789 347.418335 343.2789 343 345.581665 349.302765 350.581665 352.7211 359.581665 4.860555 5.27889 2.418337 356.2789 351 347.7211 346.581665 347.44223 346.581665 347 349.139435 350.2789 350.418335 350.418335 350.139435 349.860565
348 348 347.860565 347.860565 348.7211 349.7211 349.7211 349.7211 349 349 349 348.860565 347.860565 346 346 345 345.860565 347 348.139435 349.139435 349.860565 350 350.2789 351.2789 351.139435 351.139435 352 353 354 354 353 352.860565 353.860565 353.860565 353.860565 354 355 355 353.139435 350.2789 345.697235 343.418335 343 344.581665 347.44223 350.581665 356.7211 3.72111 7 5.278892 308.078705 351.139435 346.139435 343.860565 343.581665 343.7211 346.860565 350.139435 352.139435 353.139435 353.139435 351.2789 349.2789
347.860565 348 347.139435 347.139435 347 347.860565 347.860565 348 349 349.139435 349 347.860565 346.860565 346 346 345.139435 345.139435 347.139435 349.139435 350 349.139435 350.139435 352.139435 353.2789 352.418335 352.2789 352.139435 353 353.860565 353.7211 352.860565 352 352.860565 353 353.139435 354 355 355 354 352.2789 350.418335 346.55777 343.2789 342 343.7211 347.7211 354.581665 51.642403 6.44222 6.72111 0.139447 352.418335 347.418335 343.2789 341.139435 342.139435 346.139435 351 352.860565 353.7211 353.860565 353.2789 351.55777
346.860565 347.860565 348 348 347.139435 347 347 348 349 350 349 347 345.860565 345.7211 345.860565 346 346.139435 348 349.860565 350 350.139435 351.2789 353.139435 355 355.139435 354.2789 353.2789 353 352.860565 351.860565 351.7211 351.860565 352 353.139435 354.139435 354 354.860565 354.860565 354 354.139435 353.139435 350.2789 345.55777 342.697235 342.55777 346.2789 351.860565 357.581665 52.642403 4.302775 50.921295 355.2789 350.418335 345.418335 342.55777 343.55777 347.418335 351 351.7211 351.581665 352.7211 354.860565 355.139435
345.7211 346.7211 347.7211 348 348 347.139435 347 347.860565 348.860565 349.7211 348.860565 347 345 343.860565 344.860565 346 347.139435 348.139435 348.860565 350 351.2789 353.139435 354.139435 355 356 356 355 353.139435 352 350.860565 350 350.860565 352 353.860565 354.860565 354 354 354 354 354.860565 354 352.139435 349.55777 347.83667 346.83667 348.55777 351 354.7211 358.44223 49.642403 358.7211 357 353.139435 348.2789 346.418335 347.55777 350.418335 351.139435 349.860565 348.7211 350.581665 353.44223 355.44223
344 344.7211 345.860565 347.860565 348 348.139435 347.139435 347 347.860565 347.860565 347.860565 347 345 343 343.860565 345.860565 347.860565 348.860565 348.139435 350.139435 353.139435 354.139435 355 355 355.860565 355.860565 355 354.139435 352.139435 350.139435 350 350 351.860565 352.7211 353.7211 353.7211 353.860565 354 354 353.860565 353.860565 353.2789 353.55777 353.55777 352.697235 352.418335 351.139435 352.860565 354.581665 355.581665 356.7211 356.7211 354 350.2789 349.418335 351.418335 353.139435 352.139435 349.139435 347 347.7211 349.44223 351.44223
344 343 344.860565 346.860565 348 348.860565 348 347 346.860565 346.860565 347 347 345.139435 343.2789 343 344.7211 346.581665 347.7211 348.860565 351 353.860565 354.860565 354.860565 354.860565 354.860565 354.860565 355 355 353.139435 351.139435 350.139435 350.139435 350.860565 350.860565 351.7211 351.860565 352.860565 353.7211 353.7211 352.860565 353.139435 355.2789 357.2789 357.418335 357.139435 355.139435 352.2789 352.139435 352 353 354.860565 354.7211 353.581665 351.860565 352.139435 354 353.860565 352.860565 350 347.139435 346 345.860565 347.7211
344.418335 343.418335 344.2789 346 347.7211 347.7211 347.860565 347 346 346 346.860565 347.139435 346.2789 345.418335 343.55777 343.139435 343.7211 345.581665 347.7211 350.7211 352.7211 353.860565 353.860565 353.860565 354 354 354.860565 354.860565 354 352.139435 351.2789 351.139435 350.139435 350.139435 350.139435 351 351.860565 351.7211 351.7211 352.139435 354.2789 357.139435 359.139435 309.799805 358.139435 356.2789 354.418335 353.2789 352.2789 353.139435 354 352.860565 350.860565 350.860565 352.860565 354 353 351.860565 349.860565 348 346 345 345.860565
347.55777 346.697235 346.418335 346 345.860565 345.860565 346.7211 346.860565 346 345.860565 346 347.860565 348.139435 348.418335 347.55777 344.55777 342.2789 343 345.860565 348.860565 350.860565 352.7211 352.860565 352.860565 353.7211 353.860565 353.860565 353.7211 353.860565 353.139435 353.2789 352.418335 351.2789 351 351 351 351 350 350.139435 353.139435 356 358 360 0.139447 309.078705 358.2789 357.139435 355.139435 354 353.860565 353.7211 352 350.139435 350.139435 352.2789 354.139435 353 350.860565 348.860565 347.860565 346.139435 345.139435 344.860565
351.2789 351.2789 349.139435 346 344.860565 344.860565 345 345.860565 345.860565 345 345.860565 347 349.139435 351.139435 351.2789 348.418335 344.55777 343.2789 345 347.860565 349.860565 351 351.860565 351.860565 351.860565 352.581665 352.581665 351.7211 352.860565 354.139435 355.2789 355.139435 353.139435 351.139435 351 351 351 350.139435 351.2789 354.139435 356.139435 358.139435 309.93927 1.139445 1.139446 309.799805 358 356 353.7211 352.581665 351.7211 352.139435 351.2789 351.2789 354.139435 355 353.139435 350.139435 348 347 347 346 344.139435
352.860565 352.860565 350 346 344 344 345.139435 345.2789 345.139435 345 345 347 349.860565 352 352.860565 351.139435 348.2789 345.418335 345.2789 347.139435 349 350.860565 351 351 350.860565 349.7211 349.7211 349.860565 351.860565 354.860565 356.7211 355.860565 354 352 351 350.860565 351 351.2789 353.2789 355.2789 357.139435 308.93927 1.139445 2.139445 1.860555 49.921295 357.860565 355.860565 351.7211 349.581665 349.7211 352.860565 353.2789 353.55777 355.139435 354.860565 353.860565 351 348 347 346.860565 346 345.139435
351.44223 351.44223 349.7211 346.139435 344.2789 344.2789 346.139435 347.139435 346.2789 345.418335 345.2789 347 349 351.7211 351.860565 351.860565 350 348.139435 347.2789 348.139435 349 349.860565 350.860565 351 350 348.139435 348 349 350.860565 353.581665 354.581665 354.7211 354 352.139435 351.139435 350.139435 351.139435 353.2789 355.139435 357 358 0 2 2.72111 50.921295 357.860565 356.860565 354.7211 350 347.139435 348.2789 352 355.139435 357.418335 356.418335 354 352.581665 350.581665 347.7211 346.7211 345.860565 345.7211 346
347.44223 347.302765 347.44223 347 346.418335 346.418335 347.2789 348 348 348.139435 347.2789 347.139435 348.860565 349.860565 350.860565 350.860565 350.139435 349.418335 349.2789 349.139435 349 349 350 350.860565 350 349.139435 348.2789 349 349.860565 350.7211 351.7211 352.860565 353.860565 353 352.139435 351.139435 352.139435 355 356.139435 357 357.860565 49.921291 51.642403 50.642403 358.581665 356.7211 355.7211 352.860565 350 348.418335 350.418335 352.418335 356.2789 309.93927 309.078705 354.2789 349.7211 347.302765 345.44223 344.7211 344.7211 343.860565 345.860565
