Snitker/DATA/rasters/navarres_elevation.asc
NCOLS 681 
NROWS 460 
XLLCORNER 688715.167550153 
YLLCORNER 4318413.43839553 
CELLSIZE 30 
NODATA_value -3.4e+38 
[rows 0 to 42 of 460, columns 570 to 664 of 681]
212 196 178 166 168 174 183 211 227 238 242 252 257 272 275 274 276 274 274 288 301 304 305 304 290 286 286 287 293 295 294 292 291 286 279 275 276 280 281 276 265 260 256 252 243 226 216 209 193 187 186 173 165 162 161 164 169 172 172 169 155 147 137 134 128 126 125 125 127 129 136 144 154 155 154 148 134 131 128 127 125 124 124 123 115 110 107 104 103 102 100 99 97 98 99
182 161 157 165 173 186 196 207 232 241 252 260 267 272 281 285 287 288 293 299 302 303 302 299 290 287 288 290 298 300 300 297 293 289 282 280 278 278 274 263 244 233 226 223 213 208 206 205 197 193 185 174 165 162 158 156 160 161 159 154 149 146 145 141 133 130 127 125 124 126 128 130 139 140 138 135 126 124 123 124 120 118 118 115 107 104 101 99 99 100 100 99 101 100 101
150 148 151 162 188 198 207 215 238 249 260 268 275 278 281 291 294 296 300 302 303 303 301 300 295 296 296 295 301 303 301 298 292 292 286 281 268 267 266 249 219 210 207 203 196 195 197 196 192 188 184 178 167 162 158 155 155 156 154 151 145 145 145 144 139 134 127 122 121 124 125 125 128 128 127 126 121 118 117 117 117 115 112 109 104 99 97 95 100 103 102 102 101 105 105
146 149 156 173 202 212 217 221 239 249 255 262 274 281 287 291 291 297 299 300 305 304 302 303 303 304 301 298 297 299 300 300 292 290 284 275 259 256 246 232 215 210 208 203 195 193 192 191 185 182 179 174 167 163 158 159 156 154 151 149 148 146 146 143 137 133 126 122 121 122 122 122 120 120 117 115 114 114 113 113 116 114 111 105 98 95 95 97 100 110 110 108 106 105 106
142 155 168 182 205 212 216 217 232 241 243 247 264 271 277 281 291 297 287 286 288 291 296 301 302 299 298 296 295 297 299 302 292 283 275 266 260 249 238 228 222 218 215 211 204 200 194 190 183 180 177 173 166 164 161 159 156 155 150 148 145 144 143 140 131 128 124 119 115 115 115 114 111 112 112 111 110 113 112 111 111 112 109 102 101 101 102 106 106 110 108 107 106 107 106
143 159 172 182 199 206 212 216 228 232 232 235 252 258 262 271 281 284 287 273 282 287 291 296 298 296 297 297 294 294 297 297 287 279 272 271 259 252 245 238 230 229 229 223 208 201 195 192 189 187 185 182 170 167 166 164 159 155 157 149 144 137 135 133 130 126 123 119 114 111 110 110 110 111 111 112 112 109 109 107 105 106 105 104 107 114 114 115 115 115 114 112 111 108 106
141 154 165 177 198 208 211 214 218 220 220 222 235 242 249 252 261 267 271 273 282 286 290 293 288 290 293 293 286 290 295 293 283 278 275 269 260 255 249 244 241 246 238 235 222 199 194 192 190 189 188 185 181 175 173 170 168 163 157 158 152 144 141 140 137 132 129 126 123 117 114 112 112 116 120 120 117 110 109 107 106 105 105 107 110 120 122 123 125 122 120 118 118 115 113
142 154 161 177 200 206 207 206 209 214 221 226 236 242 246 249 259 265 269 273 282 286 287 284 278 279 286 287 279 283 287 280 282 276 271 269 270 265 256 254 252 253 247 236 224 208 207 206 203 196 192 187 180 176 174 172 170 170 165 158 161 154 151 147 143 138 135 132 129 121 121 122 123 132 134 131 128 118 112 108 107 109 108 108 111 123 127 131 134 134 133 131 128 124 122
147 153 161 176 198 204 208 211 216 222 226 232 244 248 252 256 259 267 271 275 278 286 279 268 264 268 268 270 274 277 278 275 274 269 265 263 266 269 269 268 267 256 246 237 230 219 218 218 215 206 203 197 188 185 184 180 178 172 168 165 161 155 150 145 140 135 131 128 126 129 132 136 138 137 138 141 140 131 129 125 120 110 108 107 108 121 128 138 146 144 142 138 133 129 128
141 154 165 180 190 210 211 214 217 229 236 245 249 255 256 259 262 273 277 279 282 288 279 257 254 260 264 269 272 277 280 279 276 263 259 250 252 264 271 273 273 260 250 241 233 222 219 220 221 218 217 214 209 204 201 197 194 184 176 169 164 155 151 145 142 136 134 133 134 138 145 148 148 149 151 157 156 151 149 141 131 113 110 110 113 125 136 147 153 154 150 145 137 128 127
147 162 167 178 184 210 216 220 230 244 250 258 262 264 266 271 276 283 286 288 290 280 269 257 250 261 266 268 275 282 284 281 278 260 254 242 244 250 256 262 268 261 260 252 242 230 230 233 234 226 222 220 218 215 211 208 204 192 183 176 170 157 151 156 152 144 143 142 143 148 152 148 151 162 165 171 172 160 151 144 139 117 111 109 115 131 143 152 155 150 147 143 137 127 123
170 169 173 178 181 202 213 224 232 246 252 257 260 261 264 267 273 279 284 286 286 270 258 251 250 263 267 272 282 284 283 280 277 256 246 236 232 234 239 246 252 263 257 252 248 244 246 249 251 243 237 231 231 227 221 216 211 201 195 189 187 170 163 156 156 148 146 144 142 140 142 147 150 160 168 172 169 154 148 141 135 117 112 110 114 124 145 154 155 153 149 144 139 134 125
187 191 191 188 189 199 206 215 220 230 233 238 241 242 244 245 250 262 268 270 268 257 254 254 257 263 273 277 286 285 283 280 275 256 245 235 226 225 233 235 237 245 248 246 244 246 247 247 247 249 248 248 239 241 236 231 224 216 211 205 193 174 165 162 156 136 133 131 129 128 128 129 132 137 139 141 141 147 140 132 124 115 111 114 121 131 150 156 158 165 151 144 139 137 131
213 208 208 207 203 206 209 209 211 216 217 217 219 226 226 227 231 243 247 247 247 248 252 257 264 273 273 279 285 286 284 279 273 254 246 240 232 226 229 231 231 234 230 223 213 220 223 222 223 238 241 243 242 241 236 233 229 224 210 205 200 188 163 158 151 144 128 126 127 130 129 126 126 124 126 127 131 133 133 120 114 113 116 120 126 135 152 159 164 166 149 140 138 137 133
242 234 233 230 226 212 209 208 213 220 226 222 221 226 226 227 227 234 236 239 241 246 252 259 265 274 276 279 284 283 287 288 282 259 249 241 241 234 234 232 229 226 206 199 199 198 204 207 210 214 224 226 226 225 221 220 218 210 196 193 185 173 150 144 136 132 128 137 136 134 134 134 133 128 128 131 134 133 123 122 114 114 120 124 130 136 158 164 166 165 150 143 138 136 134
252 252 250 247 240 230 226 222 221 219 224 228 229 236 240 241 240 236 240 240 243 248 253 259 263 266 275 280 284 282 285 286 282 271 248 246 243 241 241 233 222 209 194 189 187 185 190 192 197 200 213 214 216 215 208 204 200 192 175 173 168 162 139 134 133 135 137 137 147 145 144 141 144 140 136 138 135 133 131 126 122 117 125 130 134 139 153 164 165 165 157 151 146 142 138
248 251 253 252 248 240 241 238 236 233 236 238 241 246 251 247 242 241 241 246 249 252 260 265 267 271 279 281 283 282 280 276 269 257 247 247 245 243 233 221 207 197 194 190 188 186 182 182 182 185 199 201 201 203 185 182 174 167 158 159 157 154 139 135 139 142 148 148 147 158 154 154 152 154 142 139 138 135 132 131 129 127 129 131 133 138 151 160 165 168 168 164 159 152 137
247 247 248 251 249 246 245 247 243 240 246 249 251 258 267 267 262 256 256 261 264 266 265 269 273 278 284 284 284 282 280 254 245 246 241 239 237 229 212 202 194 189 191 193 196 191 184 183 179 179 185 186 187 182 164 162 159 153 153 154 151 148 140 140 142 147 157 159 159 158 162 162 163 159 154 144 139 136 137 138 136 133 132 132 134 136 148 157 163 169 178 174 169 157 135
250 248 248 248 248 246 242 242 242 240 241 246 252 258 267 268 265 262 265 270 276 279 279 280 283 289 291 287 281 277 259 254 239 235 233 230 229 219 203 196 194 194 200 203 202 200 188 185 179 177 175 175 175 169 161 164 161 160 151 149 148 146 147 148 154 160 167 166 169 168 162 172 171 165 156 147 144 143 145 145 140 138 134 133 133 135 143 151 159 168 175 174 168 157 142
246 245 246 244 243 242 238 239 238 240 245 248 253 253 256 253 248 251 258 265 272 280 287 287 291 294 292 288 278 266 251 244 239 235 233 224 222 219 212 207 207 209 218 218 214 209 192 190 187 188 176 177 175 172 175 170 171 170 155 155 153 153 155 160 167 171 170 170 176 181 176 172 180 177 163 159 157 154 154 145 141 135 133 133 133 134 138 150 157 165 172 178 171 160 140
244 243 239 237 236 234 235 239 240 243 247 250 253 258 254 253 253 252 254 260 268 275 281 285 289 291 290 286 275 261 246 241 234 240 233 233 230 226 219 216 217 220 230 233 226 218 202 205 205 207 213 185 189 185 182 177 180 175 162 159 160 161 161 167 171 174 170 168 175 183 186 183 180 177 168 158 152 148 146 138 132 131 131 129 130 134 136 150 158 164 169 171 173 158 146
243 241 235 232 230 228 235 240 244 245 252 257 260 260 258 257 256 256 260 265 272 278 286 288 289 290 290 285 277 267 256 250 247 240 235 233 238 230 233 231 229 230 236 241 239 232 227 227 226 221 220 210 207 200 200 192 189 183 173 161 165 162 164 168 168 169 163 163 170 174 176 178 178 172 168 150 141 135 131 127 131 130 131 128 130 133 138 151 159 163 169 174 171 171 158
240 240 236 234 231 229 236 240 243 246 253 257 260 263 267 270 269 267 264 269 274 278 285 287 288 288 289 288 283 277 266 259 255 253 248 242 238 253 250 242 241 242 245 246 245 246 240 239 240 241 238 235 230 225 217 200 190 179 171 164 161 165 165 162 156 153 151 155 161 166 167 163 161 165 163 150 129 125 121 117 119 121 125 123 125 126 133 155 160 162 164 171 175 174 160
233 233 235 234 231 227 232 237 240 242 246 251 254 258 267 272 275 276 275 274 274 280 285 288 286 283 284 289 287 283 279 268 266 264 261 259 255 253 263 258 257 255 259 258 251 244 241 243 251 255 257 245 237 234 223 199 187 176 171 167 168 169 168 155 151 149 148 146 149 150 149 144 147 149 150 135 129 117 111 109 110 111 114 112 115 123 130 153 157 161 160 167 170 165 157
232 233 233 231 228 221 220 225 228 232 234 243 251 257 261 267 272 277 280 281 283 284 284 284 282 279 280 287 288 286 283 276 274 272 271 273 274 271 263 265 264 265 267 270 263 254 249 254 256 261 261 245 244 231 216 193 183 177 174 171 173 175 173 163 156 154 149 140 137 136 135 134 136 137 139 127 121 117 113 114 113 114 114 111 115 122 130 151 157 158 158 157 156 156 152
232 233 231 223 216 208 207 212 218 223 228 244 254 260 263 268 270 274 279 285 285 282 281 279 276 274 275 280 283 285 286 284 281 279 279 280 281 278 273 265 280 279 278 274 268 263 258 261 262 258 255 240 229 219 204 188 185 182 179 182 183 182 179 167 163 157 152 142 140 136 133 125 126 125 127 124 117 115 113 117 115 117 116 114 114 119 130 157 161 160 156 149 147 145 145
233 233 231 216 208 205 204 209 214 221 227 245 253 259 261 267 269 272 277 282 281 279 277 273 272 271 272 277 280 283 286 288 287 286 286 284 283 282 282 281 280 283 279 272 264 256 251 264 264 259 254 232 224 215 201 190 189 186 187 195 195 192 189 173 168 159 151 141 139 136 132 126 125 124 121 121 121 122 120 117 121 119 115 113 117 125 133 149 163 163 157 148 138 137 136
234 234 231 211 206 201 199 206 217 225 235 248 254 259 263 272 273 272 273 275 276 277 275 268 269 269 270 274 276 280 284 290 291 290 289 285 283 283 283 284 285 283 277 267 252 247 244 253 254 253 247 232 222 211 203 195 197 199 201 201 199 195 188 170 161 152 146 142 139 137 134 134 132 129 124 119 119 122 123 125 121 112 111 113 120 125 136 149 165 160 152 143 132 129 131
227 226 223 211 192 194 197 213 223 231 239 253 257 261 266 270 270 272 270 270 272 272 271 266 267 269 271 276 277 278 281 286 288 287 286 281 278 277 277 278 279 279 277 266 253 243 239 237 236 235 233 227 221 213 208 207 206 207 207 203 194 190 184 175 156 148 143 141 142 143 144 143 136 129 122 117 109 111 117 120 114 112 109 111 118 121 131 142 156 151 141 132 124 125 130
220 220 215 198 192 180 191 206 219 229 237 246 251 258 263 267 266 263 263 268 269 269 268 263 263 265 268 272 272 274 277 284 285 284 280 273 271 273 273 274 275 274 276 272 255 253 237 234 220 218 224 221 221 214 208 205 204 202 199 198 190 185 181 176 156 150 143 140 144 147 148 149 141 133 126 118 110 108 109 110 107 108 109 106 112 116 124 133 141 136 131 125 119 121 124
204 200 194 178 177 180 185 205 218 228 236 246 250 257 263 266 266 263 262 265 265 266 265 258 257 259 263 266 269 272 275 278 284 281 276 272 268 269 270 268 273 272 274 275 255 250 247 235 220 210 213 213 205 200 199 196 195 193 191 192 183 176 171 164 148 144 142 139 144 150 153 153 141 134 127 117 108 110 108 108 106 107 105 106 106 111 120 129 135 131 127 120 115 113 116
165 162 165 171 176 181 185 210 220 228 239 246 251 257 258 258 255 255 256 253 257 258 258 256 256 257 259 258 266 271 275 277 281 278 273 266 262 264 263 263 270 275 272 270 256 250 245 236 214 208 204 199 191 190 183 180 181 180 179 181 172 161 155 148 139 137 134 134 138 141 141 141 133 122 116 114 109 111 111 109 104 101 98 98 106 107 117 124 128 127 125 121 107 104 108
157 167 169 166 183 187 191 199 226 231 239 243 250 251 249 248 248 245 243 243 249 250 251 250 246 248 250 254 261 268 274 277 281 277 272 268 261 258 257 260 270 273 269 267 256 252 245 242 221 210 202 197 189 180 174 167 166 165 164 165 153 146 143 138 134 131 126 123 124 123 122 121 117 114 113 114 112 109 107 107 99 95 93 92 98 107 112 118 122 122 120 118 106 105 108
163 168 170 178 198 203 205 213 226 237 241 245 247 246 245 243 235 226 226 227 236 239 240 239 240 245 248 253 262 269 276 282 284 277 268 266 258 256 254 256 267 267 268 266 254 246 245 242 233 217 204 195 183 179 177 172 168 165 162 157 144 142 141 138 132 127 121 115 109 104 102 102 100 100 105 107 104 104 104 104 102 99 96 92 96 103 112 106 116 116 113 112 109 105 107
175 177 185 194 218 225 226 226 231 237 249 250 248 243 239 234 217 217 220 221 226 230 233 237 246 250 254 258 268 274 280 284 283 280 271 269 256 253 252 257 265 266 264 259 257 248 246 251 233 217 202 191 185 185 186 181 175 172 167 159 149 146 142 139 131 125 118 111 112 109 108 108 101 97 101 101 95 97 100 102 104 98 98 94 90 97 101 106 104 108 105 104 103 102 106
184 197 204 208 222 225 233 234 240 243 249 250 248 239 233 224 216 219 225 228 229 232 237 243 254 259 262 265 273 277 281 283 280 279 277 271 253 248 251 259 260 257 256 257 257 254 252 252 237 217 202 199 201 202 199 196 184 176 167 161 155 152 148 144 139 126 122 121 123 125 123 121 118 108 108 105 100 101 101 102 100 96 91 89 89 94 97 98 104 103 102 98 94 95 101
204 212 216 214 222 224 226 232 245 249 254 256 248 229 225 221 223 229 235 237 236 240 244 251 263 268 271 273 278 280 282 281 278 278 280 278 257 249 249 249 250 248 248 251 253 252 251 249 237 218 206 199 214 221 217 212 199 179 172 168 165 159 154 148 142 135 135 135 136 137 137 136 133 122 115 117 111 107 105 102 98 91 88 88 89 89 92 99 100 103 98 96 92 93 93
215 216 218 219 223 226 229 234 248 252 253 251 236 229 222 221 226 233 241 248 250 251 256 262 270 274 278 281 283 281 279 278 279 279 279 279 273 253 246 243 241 243 245 246 249 252 250 245 239 221 214 213 214 230 227 220 209 192 185 177 171 165 161 156 149 146 148 149 151 152 151 148 142 134 129 125 122 122 116 107 103 97 95 95 96 93 92 93 95 97 98 96 92 90 92
215 223 225 227 231 235 236 243 248 247 245 241 231 226 222 219 226 235 245 256 263 264 269 270 271 273 275 277 278 276 275 275 274 276 277 277 276 260 248 240 238 238 239 242 246 250 250 244 237 224 223 225 227 230 226 220 214 202 195 187 181 170 165 160 155 156 159 162 163 167 160 157 150 142 144 141 140 130 121 111 108 103 103 101 98 94 91 90 90 94 95 95 92 90 91
204 216 222 221 226 229 235 239 239 240 239 236 232 223 218 219 218 235 245 254 263 268 268 271 271 271 269 269 268 268 269 270 268 270 273 275 276 265 257 247 242 230 231 234 240 245 243 239 235 229 230 230 230 228 226 218 214 208 202 190 182 172 168 162 158 163 166 166 165 163 157 155 146 145 146 150 151 144 136 124 118 103 102 101 100 95 94 93 91 90 91 92 89 90 90
184 195 199 202 207 217 223 228 234 238 237 235 234 220 211 212 218 236 244 251 261 265 265 267 267 263 262 261 262 266 267 266 262 261 265 270 274 270 269 259 244 225 222 226 234 238 237 236 235 231 230 230 229 224 221 218 209 208 203 191 181 167 166 165 165 166 164 160 158 156 148 145 145 150 152 153 153 151 140 127 120 104 102 102 101 92 91 90 90 89 90 88 87 88 90
184 192 199 202 206 218 225 229 232 236 238 236 229 212 204 204 212 236 244 251 257 261 261 257 256 252 252 253 254 260 261 260 258 254 259 265 271 274 273 266 248 221 215 219 225 231 232 233 234 234 232 231 229 222 217 213 209 202 199 191 181 167 167 171 173 172 163 159 157 152 146 142 144 157 154 154 153 145 137 127 125 106 100 98 97 95 92 92 91 90 88 86 87 87 86
187 198 202 206 211 220 226 231 234 234 233 232 227 209 201 200 210 236 244 248 252 249 250 247 248 250 249 247 249 253 254 254 250 252 257 263 269 273 270 261 243 218 208 211 216 223 228 230 233 236 236 235 232 225 218 212 206 202 195 188 179 170 172 178 183 173 166 161 157 151 146 149 157 154 152 153 153 150 134 129 125 121 112 108 104 98 94 93 90 87 85 85 84 83 82
