Snitker/DATA/rasters/navarres_elevation.asc
NCOLS 681 
NROWS 460 
XLLCORNER 688715.167550153 
YLLCORNER 4318413.43839553 
CELLSIZE 30 
NODATA_value -3.4e+38 
[rows 129 to 171 of 460, columns 95 to 189 of 681]
485 471 444 429 411 383 342 325 317 315 311 309 307 307 306 308 314 319 332 334 337 342 358 383 397 405 433 452 464 482 504 507 508 509 509 509 507 506 505 502 500 498 497 497 496 495 494 493 491 492 493 493 492 489 486 485 484 483 481 478 478 478 477 475 475 472 471 473 472 470 470 468 466 464 465 461 457 456 453 446 447 450 452 452 449 445 440 430 427 427 425 420 421 425 429
473 464 426 413 404 380 347 332 322 316 309 308 307 308 311 317 323 328 339 341 347 353 370 383 411 421 434 460 472 486 500 504 506 508 509 511 510 507 505 503 502 501 499 499 499 499 498 494 493 492 493 492 490 489 487 486 486 486 485 480 479 478 477 475 473 472 473 473 472 471 471 468 469 468 468 460 455 451 448 446 447 449 451 449 446 444 441 433 429 428 426 424 428 434 437
442 433 411 400 389 373 343 328 315 309 307 311 314 318 326 332 337 341 344 350 356 367 375 401 411 432 443 468 479 489 503 507 508 507 508 509 508 507 506 506 505 503 502 501 501 500 499 494 492 490 489 490 491 491 490 486 485 484 483 480 479 478 476 476 476 475 473 473 471 470 469 467 467 465 463 454 450 448 449 449 449 450 452 449 445 441 438 433 433 431 432 437 441 445 445
428 422 408 400 386 371 353 328 317 310 308 319 324 328 329 339 344 348 351 365 374 380 391 413 421 432 451 475 486 498 507 509 508 506 506 507 506 506 507 508 508 506 505 502 501 500 498 495 493 491 490 490 489 489 487 485 483 482 481 480 480 479 478 474 473 474 474 473 471 469 466 463 463 461 459 453 450 451 452 453 452 452 453 453 450 446 443 442 442 443 443 448 449 447 445
429 424 421 409 389 370 357 331 321 315 313 323 333 334 343 346 345 353 357 374 381 393 403 423 433 442 451 481 493 504 511 513 512 511 510 509 508 506 505 507 508 507 507 501 500 499 498 498 495 491 489 488 488 489 488 484 481 479 479 480 480 480 479 475 475 473 473 471 471 464 464 461 459 458 457 456 455 455 456 455 454 454 456 455 455 454 452 449 449 450 450 451 450 447 445
433 429 429 418 401 373 357 342 327 320 319 327 328 339 343 349 357 359 364 376 391 399 405 428 438 447 457 481 493 505 510 513 513 512 510 509 508 507 507 505 506 506 506 502 501 500 498 496 496 495 492 489 488 486 485 483 482 481 481 480 481 480 479 477 476 475 472 467 465 464 463 460 459 458 458 458 458 458 458 456 453 455 457 456 454 453 452 451 450 451 450 450 449 447 447
447 440 436 428 414 386 367 347 336 325 318 323 326 330 326 350 353 359 363 369 385 403 412 428 441 455 465 489 499 505 508 508 511 511 509 506 507 507 505 504 503 503 503 503 502 501 499 499 499 495 491 489 487 486 484 484 483 484 483 481 481 480 478 476 473 471 470 467 462 462 463 461 459 456 456 458 461 461 460 458 455 456 456 455 453 453 452 451 449 452 452 451 449 446 445
470 459 448 435 427 413 386 364 356 339 322 317 319 321 326 330 337 339 346 352 355 382 399 428 439 456 470 489 499 506 508 507 508 510 509 507 507 507 506 505 503 502 501 502 502 501 499 499 498 496 492 490 488 485 483 483 484 484 484 482 479 478 476 474 472 471 470 467 464 463 461 461 459 462 462 464 463 462 461 460 459 460 461 460 456 455 455 454 451 452 452 450 448 446 446
489 478 464 439 433 427 418 382 371 357 342 330 324 322 319 322 326 331 332 336 340 351 364 411 423 441 455 478 490 495 501 507 510 512 513 511 512 510 508 504 502 501 501 500 501 500 499 498 497 495 493 492 490 487 486 486 485 485 484 483 478 478 479 477 473 473 471 470 466 464 463 463 464 462 466 467 464 463 462 462 460 460 461 461 457 456 455 456 451 452 453 452 451 449 447
512 494 480 448 435 426 425 402 389 378 359 350 343 333 323 318 322 320 319 321 325 327 344 387 395 412 430 459 475 490 494 502 510 511 512 513 512 511 509 508 503 501 500 498 497 497 496 495 494 493 492 492 491 491 489 488 486 486 485 483 480 479 479 475 470 471 471 472 470 468 466 466 466 466 466 467 463 462 461 461 460 460 459 460 457 456 454 454 452 451 453 453 451 449 448
526 514 498 465 454 439 430 419 401 386 366 354 347 340 332 326 328 327 325 324 324 325 330 341 385 393 408 425 465 491 494 499 508 511 510 512 513 512 509 506 505 501 500 497 497 497 496 495 491 490 490 490 489 490 489 487 485 485 484 484 479 477 476 477 470 470 470 469 469 468 466 464 465 466 466 467 466 465 463 460 457 457 457 457 455 455 454 453 452 451 450 449 448 447 445
523 514 503 472 460 445 437 423 402 390 370 360 352 348 337 330 329 333 329 324 319 321 322 332 384 392 405 419 468 487 497 505 508 508 510 511 511 509 507 506 503 499 497 496 497 494 493 492 489 488 488 487 487 487 487 484 481 481 480 479 478 477 476 475 472 471 470 469 467 467 466 465 466 467 469 468 466 465 464 462 458 456 456 456 451 452 452 451 450 449 448 447 447 447 445
515 506 500 483 448 433 421 413 388 372 358 359 348 341 336 332 331 327 325 324 316 318 325 338 383 392 404 425 473 494 503 511 508 507 511 511 511 510 508 507 503 501 497 496 497 495 494 493 491 490 489 487 485 484 484 483 481 480 479 478 477 476 474 473 472 470 471 471 468 468 467 466 465 466 467 468 467 465 464 462 458 458 458 457 452 452 451 451 450 449 447 446 445 445 444
511 501 490 468 435 419 398 390 360 355 347 340 335 334 335 328 329 327 325 321 322 328 340 365 383 399 418 444 480 494 508 512 510 504 511 511 512 510 508 505 503 502 501 500 494 492 492 492 492 491 491 489 487 485 482 480 480 479 479 477 476 475 474 474 471 471 469 471 467 467 465 464 464 465 465 466 468 465 464 462 459 457 457 456 455 455 453 451 451 448 448 448 447 445 443
498 484 469 456 419 393 374 360 338 336 331 329 328 348 348 336 342 340 339 342 347 353 366 379 399 412 437 461 480 491 505 509 506 509 509 512 512 510 508 505 503 501 498 496 494 492 491 491 491 489 487 486 483 482 481 480 480 482 482 481 476 473 473 474 469 469 469 469 466 463 461 460 462 466 465 466 467 465 463 462 459 457 455 455 454 451 451 452 452 448 448 448 448 445 443
472 459 451 444 391 371 354 343 330 327 327 330 341 355 354 355 372 368 368 372 384 389 393 398 420 433 449 464 478 490 502 505 509 510 510 512 509 507 506 505 500 498 497 498 495 493 491 489 488 488 486 484 479 477 477 477 477 477 477 477 477 474 473 474 473 470 470 469 467 466 465 465 460 462 462 462 462 465 465 463 461 457 454 452 452 450 449 450 449 449 449 448 446 444 443
453 447 433 407 365 353 344 334 328 329 334 342 360 357 365 379 383 384 383 385 400 400 406 416 440 452 461 472 487 493 500 505 506 510 509 509 506 506 505 503 500 495 495 495 495 495 493 491 489 487 485 484 480 474 473 473 473 472 474 475 477 478 478 476 475 473 471 470 469 473 470 467 464 465 465 465 465 464 463 459 461 456 454 455 454 451 450 450 448 447 447 447 445 440 438
446 433 416 388 352 346 339 334 330 334 342 351 357 364 367 377 392 404 404 405 416 422 429 436 455 464 473 484 495 504 506 505 504 506 508 508 508 505 503 501 500 495 495 495 494 494 492 491 490 487 483 480 477 471 470 469 467 465 465 466 469 472 472 471 470 469 469 467 466 467 467 467 467 467 466 465 464 462 462 461 459 456 456 455 453 451 450 449 448 444 443 443 443 440 434
446 410 400 369 343 337 335 332 333 339 341 349 354 358 357 365 398 408 418 434 441 444 447 455 463 477 482 490 495 509 509 507 504 505 506 507 507 507 505 501 498 496 495 495 494 491 491 490 490 485 482 480 477 469 465 463 462 459 460 461 462 467 469 469 469 467 466 465 465 464 464 464 463 462 461 461 461 461 460 459 457 455 455 453 453 449 447 446 446 446 446 445 444 438 433
427 410 400 372 339 332 328 328 329 336 338 338 337 340 340 351 371 416 432 438 448 455 463 469 475 485 490 497 503 511 509 507 507 503 503 504 503 505 505 503 501 496 495 495 494 490 490 492 491 488 486 482 481 473 467 463 460 454 453 455 456 459 463 466 467 463 462 461 462 463 462 462 462 462 462 460 462 460 458 456 454 454 454 453 452 449 449 448 447 444 444 444 442 437 434
423 409 394 372 371 338 329 327 327 329 330 331 332 335 336 335 349 401 419 432 445 465 473 479 484 492 499 506 508 508 508 506 504 501 501 499 501 502 502 502 502 500 499 497 494 490 489 490 492 489 485 482 483 480 478 475 469 456 453 452 452 454 457 463 465 464 463 461 461 459 460 462 464 464 462 461 460 457 457 456 455 454 452 452 450 449 449 446 445 443 441 440 439 437 435
421 405 400 385 371 370 358 345 344 339 338 335 334 335 337 339 349 389 407 427 447 475 482 488 494 501 505 508 508 505 504 503 503 500 496 500 500 499 499 498 497 499 499 497 495 489 489 486 486 484 482 482 482 480 477 474 471 460 455 454 454 452 453 458 462 461 460 459 460 457 457 459 461 461 459 458 458 457 457 457 458 457 453 452 452 450 447 446 445 441 439 438 437 436 435
419 414 405 400 385 370 391 383 375 356 351 346 344 340 339 342 350 384 406 426 450 483 491 498 504 506 507 506 504 502 503 501 501 501 498 499 501 501 500 498 495 496 497 495 492 488 487 486 484 483 481 479 477 475 471 467 465 460 457 456 452 450 451 455 457 460 460 461 461 462 458 457 458 458 457 457 457 457 457 457 457 455 451 450 449 449 447 446 444 441 431 434 435 434 431
440 423 426 413 403 398 391 406 400 376 371 366 363 350 345 343 353 390 409 434 454 487 495 501 506 505 504 503 502 500 501 502 502 498 497 498 499 498 498 498 496 494 494 493 490 487 486 485 484 481 481 480 477 472 469 467 466 464 459 458 453 452 451 454 456 457 459 460 461 461 459 457 456 456 455 455 454 454 456 456 454 451 450 449 447 446 444 442 437 434 431 429 432 431 430
463 456 441 425 419 411 410 406 417 392 381 375 367 346 342 350 357 402 424 441 460 488 496 502 505 504 502 504 503 499 499 500 503 502 500 498 497 494 495 493 493 491 492 491 489 485 483 482 480 481 479 480 478 476 470 466 462 460 456 453 451 450 450 452 452 452 453 454 455 455 454 453 453 453 452 451 452 453 454 453 452 450 448 446 446 446 442 435 430 428 428 429 426 428 429
497 478 463 450 441 426 423 422 417 404 389 379 357 339 347 358 365 407 430 446 460 489 497 503 505 502 502 504 503 500 498 499 501 502 497 496 494 494 492 492 491 491 491 491 489 486 482 480 479 480 479 477 477 473 467 462 457 454 451 450 448 447 446 447 448 450 444 446 447 448 447 445 445 446 446 446 449 450 451 450 449 448 449 447 444 443 440 433 427 426 426 426 426 427 427
517 498 485 472 462 447 437 432 427 404 389 372 355 346 358 372 381 423 438 454 467 480 501 504 503 504 502 501 500 499 497 497 499 500 499 494 495 496 496 493 490 488 489 488 487 484 481 479 478 478 477 477 477 468 462 459 455 451 446 445 444 442 443 445 446 447 444 444 444 441 437 437 436 436 441 442 443 446 448 448 447 446 448 446 441 439 435 431 428 427 425 425 427 427 424
520 510 501 488 477 459 447 436 429 407 389 372 350 348 368 383 405 428 451 463 476 489 500 502 504 504 500 498 499 499 498 497 496 497 495 495 496 498 498 495 492 488 485 484 483 482 479 477 476 475 473 472 471 468 465 463 460 456 446 444 443 444 450 453 455 455 454 452 447 444 436 432 430 429 436 438 438 441 444 445 445 443 442 440 437 434 436 436 433 430 424 424 423 424 424
514 513 508 502 492 481 453 441 430 424 382 363 350 357 380 407 420 439 462 474 483 490 503 502 504 502 498 495 494 495 498 497 495 494 494 495 497 498 497 495 494 490 489 488 486 483 481 479 476 474 469 469 470 469 465 465 464 463 454 451 450 452 458 459 458 456 455 452 449 447 442 438 431 427 432 435 437 438 441 441 439 438 437 435 434 433 433 434 433 429 427 423 422 422 421
509 508 507 505 501 494 462 441 432 417 375 362 355 357 391 414 431 444 467 478 487 495 504 500 501 502 494 493 495 494 495 495 493 494 490 493 495 497 494 493 490 487 484 483 483 483 481 480 478 476 473 471 470 469 466 465 469 467 461 457 456 458 462 463 463 462 460 456 452 448 445 441 436 435 435 435 435 437 441 440 438 438 438 435 433 433 432 432 428 425 422 417 416 417 417
513 508 501 500 498 493 474 455 443 418 380 364 357 362 391 420 439 451 474 483 489 495 504 504 503 500 495 493 492 493 493 493 494 495 493 494 496 497 493 491 488 486 484 482 482 481 480 481 481 480 479 477 475 473 469 469 469 468 464 461 459 458 460 463 462 462 461 459 453 449 447 444 442 441 440 437 437 437 434 433 434 434 436 434 433 432 430 428 423 421 418 411 406 405 407
524 516 499 492 488 485 471 462 443 414 374 365 363 371 399 420 441 452 474 481 485 487 501 505 501 502 499 497 496 495 492 492 494 495 496 496 496 497 492 490 487 485 483 481 479 479 478 478 478 478 477 477 476 474 471 469 469 468 464 463 461 460 463 462 462 462 462 459 454 450 448 445 445 446 444 438 435 435 435 428 425 427 428 430 429 428 427 425 422 420 418 408 401 398 398
525 515 503 485 480 476 469 463 442 408 375 370 368 379 412 427 441 448 471 480 483 487 494 499 500 501 498 498 497 496 494 495 494 491 492 492 490 490 490 490 487 486 484 483 480 478 478 480 479 476 474 474 473 473 473 468 466 465 464 468 468 465 462 462 461 461 460 459 456 453 451 444 443 444 444 440 436 433 431 425 424 425 425 425 425 423 421 421 417 412 410 405 402 399 398
520 512 498 484 477 467 462 452 443 413 377 371 373 385 414 427 437 448 471 467 474 480 492 493 499 499 498 496 494 494 494 495 492 489 488 487 486 486 488 487 485 483 481 483 483 481 479 480 478 476 474 473 473 472 472 470 469 469 468 468 468 464 462 459 459 461 462 461 459 455 452 446 443 442 442 443 442 440 435 427 426 426 428 428 427 425 423 416 412 408 407 407 404 402 403
511 511 500 481 471 461 448 448 435 403 375 370 371 391 414 423 435 444 464 467 468 479 490 492 497 499 498 497 493 492 491 491 489 489 488 486 485 484 485 485 484 483 483 481 479 478 477 476 474 472 471 469 470 470 471 473 470 468 466 465 466 464 463 459 459 459 458 455 455 454 452 448 447 446 445 443 444 444 442 434 430 428 427 427 427 426 424 417 412 408 406 410 411 412 412
506 503 494 484 467 445 435 430 399 386 363 366 382 394 402 429 439 451 460 463 468 479 486 493 494 498 497 497 495 492 491 489 488 488 487 486 483 483 482 483 482 482 481 479 477 475 474 476 475 473 472 468 468 467 469 470 469 468 463 464 464 464 463 461 460 459 458 453 452 452 451 449 448 447 445 443 443 441 440 438 436 433 431 427 424 421 420 418 415 416 418 421 421 420 419
508 505 500 483 457 446 432 397 381 366 356 368 388 398 408 432 446 460 463 474 474 479 491 495 497 498 494 497 496 494 492 490 489 488 487 483 482 481 480 483 482 482 481 480 478 477 475 474 473 473 472 470 468 465 464 466 469 467 467 463 464 464 463 461 459 457 455 451 451 453 452 450 447 446 445 443 443 441 439 436 435 435 435 434 431 427 424 424 425 425 426 424 420 420 420
504 504 501 480 447 432 414 375 359 349 342 369 384 405 415 435 448 461 470 475 482 489 491 499 503 502 500 498 498 494 491 493 493 491 489 486 484 481 478 479 480 481 481 481 480 478 476 473 471 470 472 471 467 463 463 462 463 464 464 463 463 464 463 461 459 456 454 449 449 449 449 450 448 447 446 442 441 439 438 436 436 435 434 433 431 429 427 426 426 427 427 425 419 418 417
497 492 487 459 443 428 411 356 351 345 344 359 386 395 412 434 449 462 475 484 493 499 496 499 506 504 500 499 497 494 491 490 490 489 486 484 482 481 480 479 478 476 478 479 477 477 474 470 471 469 468 467 466 464 463 462 462 462 463 462 461 461 460 458 458 456 454 450 448 447 446 445 446 446 444 442 439 438 437 436 434 432 432 431 430 429 425 424 424 424 424 424 420 417 416
493 482 468 441 426 414 402 362 349 347 350 361 371 393 394 424 440 453 467 482 488 495 498 503 506 509 503 494 495 493 494 490 489 487 485 484 484 483 483 478 474 473 474 475 475 473 474 471 471 471 469 465 465 463 462 459 459 459 461 463 465 463 459 456 455 455 454 450 444 441 440 442 444 445 444 442 440 439 439 438 434 433 432 431 433 432 428 424 422 423 423 423 421 418 416
495 484 468 428 418 407 402 362 350 347 351 355 358 360 365 390 410 438 450 461 469 479 488 501 507 509 503 496 495 494 494 492 492 489 486 486 487 485 483 478 473 472 472 472 472 470 471 470 467 467 467 467 465 464 463 462 458 459 460 461 460 458 456 454 451 451 452 450 441 439 438 440 442 442 442 442 440 439 438 437 433 433 432 432 432 432 429 426 426 426 427 426 423 421 420
497 489 472 433 418 409 400 372 359 349 349 346 345 346 347 359 380 401 431 451 456 464 473 495 504 508 504 496 493 493 492 488 485 484 485 484 482 481 479 478 473 473 471 470 468 469 470 467 465 465 466 466 464 463 466 464 457 458 459 458 457 456 454 452 451 451 450 448 441 439 438 438 439 437 437 438 438 437 436 436 432 430 429 427 428 428 428 427 425 425 424 424 424 422 421
486 475 468 431 418 408 398 378 368 363 357 352 352 351 349 350 362 385 402 438 446 454 463 485 496 502 504 501 493 492 491 490 485 483 483 484 480 479 480 479 477 475 473 472 469 466 465 463 463 465 466 467 463 463 463 464 458 457 457 457 455 453 453 452 452 451 450 447 442 440 438 435 437 435 434 434 433 433 434 434 430 428 427 425 425 425 424 423 422 422 420 421 422 420 418
