Snitker/DATA/rasters/navarres_wind_30m_vel.asc
NCOLS 681 
NROWS 460 
XLLCORNER 688715.167550153 
YLLCORNER 4318413.43839553 
CELLSIZE 30 
NODATA_value -3.4e+38 
[rows 252 to 279 of 460, columns 504 to 566 of 681]
3.091633 3.017689 2.929083 2.874661 2.877689 2.969561 3.103983 3.20235 3.220716 3.189322 3.16235 3.162589 3.1798 3.170955 3.134661 3.134183 3.179761 3.257211 3.317689 3.339322 3.320478 3.268605 3.22255 3.193706 3.201833 3.235539 3.310878 3.4553 3.615539 3.708328 3.683667 3.539006 3.420639 3.404383 3.458367 3.480239 3.382311 3.110639 2.742912 2.472873 2.555662 2.866856 3.12295 3.076934 3.010439 2.999522 2.996972 3.012789 3.088605 3.212789 3.361156 3.459761 3.486972 3.485578 3.511395 3.548605 3.588605 3.61 3.602789 3.618605 3.62745 3.550478 3.358844
3.046972 2.902311 2.839045 2.820439 2.770678 2.738128 2.82 2.954661 3.019083 2.984661 2.923028 2.871394 2.876972 2.941156 3.053945 3.168367 3.233028 3.213506 3.138167 3.103983 3.158167 3.227928 3.277689 3.328844 3.457211 3.641395 3.81 3.915817 4.011633 4.124423 4.206972 4.1751 4.012073 3.758128 3.503028 3.399083 3.510239 3.702072 3.8853 4.014584 4.124345 4.119006 3.896695 3.556934 3.304622 3.147889 3.070678 3.057889 3.103706 3.250917 3.449522 3.538128 3.549522 3.540917 3.533944 3.544183 3.575817 3.603028 3.617211 3.607211 3.53745 3.413267 3.287211
3.110917 3.066494 3.100917 3.079761 2.968367 2.863945 2.836733 2.87255 2.905339 2.919284 2.924623 2.928806 2.960439 3.033706 3.134422 3.186533 3.142589 3.010955 2.861872 2.815817 2.893028 3.013267 3.119083 3.240478 3.419083 3.616533 3.768167 3.85235 3.925139 4.045378 4.192828 4.272828 4.175139 3.871394 3.486495 3.285339 3.438844 3.867928 4.313744 4.626533 4.799322 4.718844 4.409044 4.053667 3.691556 3.430161 3.346456 3.29275 3.294622 3.407889 3.583945 3.666734 3.696495 3.697889 3.643706 3.586733 3.559761 3.569761 3.613945 3.612311 3.49765 3.361595 3.327173
3.235817 3.213267 3.195139 3.10235 2.997689 2.947211 2.951156 2.973706 3.036256 3.143228 3.240439 3.260678 3.225339 3.170239 3.065139 2.933983 2.809561 2.750478 2.756972 2.812311 2.868128 2.911395 2.97745 3.0949 3.253744 3.375139 3.4849 3.596294 3.679322 3.725378 3.771672 3.833544 3.8847 3.847928 3.677889 3.44275 3.434144 3.721595 4.1151 4.408844 4.563983 4.605378 4.633267 4.583945 4.423228 4.178328 3.951117 3.748328 3.629961 3.619045 3.688128 3.78255 3.87255 3.888128 3.8151 3.716495 3.6451 3.650917 3.720917 3.776495 3.774622 3.746934 3.759484
3.186294 3.082111 2.949322 2.846294 2.846056 2.924422 3.02 3.125578 3.265578 3.405817 3.474661 3.431872 3.301872 3.096056 2.844422 2.65 2.568367 2.641156 2.811156 2.956972 2.982789 2.921395 2.894422 2.926055 3.009083 3.137689 3.303505 3.413744 3.449561 3.413744 3.316533 3.265139 3.380955 3.620717 3.848605 3.896934 3.94295 4.144584 4.336934 4.3651 4.273028 4.297927 4.465856 4.580755 4.604939 4.538644 4.3649 4.178367 4.030678 3.904622 3.841833 3.883706 3.954183 3.997211 3.976972 3.903706 3.83765 3.823228 3.886256 3.963706 4.061156 4.165577 4.259761
3.034422 2.908606 2.765578 2.71255 2.77255 2.892789 3.015817 3.148844 3.272111 3.331194 3.315856 3.255855 3.143983 2.996056 2.832311 2.694623 2.663228 2.740678 2.895339 3.005578 3.006972 2.943944 2.879522 2.858128 2.893945 2.997211 3.109322 3.146772 3.158167 3.155139 3.101633 3.073706 3.181834 3.480439 3.863706 4.308606 4.619083 4.755139 4.705378 4.485139 4.225817 4.101394 4.036533 3.964461 3.997727 4.073544 4.126333 4.151911 4.154461 4.136772 4.081872 4.025817 3.977211 3.973028 4.014422 4.059762 4.097889 4.129045 4.150439 4.146256 4.157889 4.215339 4.32
3 2.904183 2.813945 2.808128 2.86255 2.911395 2.980239 3.0549 3.060955 2.983983 2.8698 2.812589 2.825139 2.894661 2.976972 2.999284 2.973228 2.96765 3.019284 3.063706 3.070917 3.052311 3.029284 3.004861 3.009284 2.995339 2.925578 2.878606 2.888844 2.926055 3.044422 3.2451 3.483228 3.760678 4.008606 4.248405 4.395177 4.424261 4.322627 4.190516 4.153983 4.075139 3.803505 3.539083 3.459322 3.492589 3.544461 3.593305 3.673305 3.801672 3.923983 3.980478 3.961395 3.94255 3.991156 4.125577 4.276972 4.381155 4.413945 4.396494 4.373228 4.367172 4.378567
2.96235 2.909083 2.893028 2.918606 2.933028 2.911633 2.90745 2.880478 2.797689 2.684661 2.557211 2.522789 2.616972 2.811156 3.029761 3.189761 3.255339 3.223706 3.219522 3.218367 3.198606 3.188606 3.21 3.224183 3.199761 3.109522 2.989284 2.899283 2.8451 2.855339 3.015578 3.402789 3.748605 3.944422 4.001394 3.945339 3.828128 3.718367 3.666972 3.706972 3.840716 3.802828 3.599561 3.398844 3.275578 3.209761 3.153944 3.139522 3.226495 3.416256 3.67765 3.8851 3.985339 4.035339 4.076733 4.171155 4.317211 4.434661 4.48745 4.555817 4.649761 4.7451 4.784622
2.665855 2.727011 2.809561 2.877928 2.870478 2.84745 2.820239 2.753028 2.657211 2.591394 2.551156 2.562311 2.687889 2.902311 3.098367 3.247211 3.345817 3.37 3.333028 3.243505 3.156533 3.147928 3.180717 3.226294 3.246056 3.231395 3.183944 3.107889 3.043228 3.009961 3.111356 3.449284 3.744183 3.912789 4.019762 4.060917 3.981833 3.83275 3.768567 3.7751 3.66 3.456972 3.373706 3.36765 3.361595 3.343906 3.330639 3.3604 3.491795 3.737612 3.982512 4.076256 4.089761 4.127211 4.182789 4.244183 4.293028 4.323267 4.393267 4.516056 4.691872 4.867928 5.020956
2.243505 2.373506 2.539083 2.661872 2.733267 2.760239 2.751633 2.703028 2.64 2.611156 2.6451 2.736256 2.892072 3.051156 3.145817 3.220239 3.308844 3.360239 3.283028 3.074422 2.936055 2.930478 2.983267 3.066056 3.144661 3.221872 3.25745 3.281394 3.329522 3.41765 3.531833 3.657889 3.778367 3.907689 4.028405 4.132828 4.193983 4.199083 4.124423 3.932789 3.690678 3.566934 3.603667 3.68785 3.766456 3.876695 3.961117 4.052511 4.193906 4.380439 4.421633 4.260956 4.0998 4.058405 4.147011 4.228167 4.227689 4.217211 4.291394 4.423028 4.557689 4.635139 4.732589
2.09255 2.230917 2.429522 2.556972 2.624422 2.688844 2.693028 2.66 2.648367 2.695339 2.819522 2.979522 3.10255 3.125578 3.118605 3.150239 3.220478 3.2749 3.22745 3.056733 2.882072 2.8351 2.893945 2.985578 3.052789 3.107211 3.168844 3.263505 3.406772 3.595617 3.745378 3.8049 3.797928 3.728167 3.676533 3.756294 3.879322 4.028167 4.063506 3.968128 3.931595 4.037172 4.168806 4.266256 4.323706 4.361156 4.404183 4.493028 4.610956 4.550517 4.268205 3.926572 3.711911 3.671672 3.760039 3.925378 4.07745 4.205577 4.3 4.366055 4.397689 4.400478 4.420478
2.213228 2.396255 2.568128 2.604183 2.588605 2.614422 2.641633 2.655817 2.7 2.791394 2.937211 3.093028 3.173028 3.16 3.111394 3.085817 3.088844 3.101872 3.136055 3.171156 3.121833 3.044384 3.023228 3.049284 3.089522 3.103945 3.106972 3.097211 3.117689 3.219561 3.423983 3.5998 3.559561 3.465817 3.499284 3.636494 3.699761 3.763028 3.884661 4.064661 4.234661 4.363505 4.426772 4.430038 4.400277 4.365855 4.375617 4.383066 4.273783 3.965177 3.580039 3.319322 3.220239 3.259761 3.420678 3.693228 4.026495 4.241394 4.288845 4.268845 4.246056 4.247928 4.244222
2.545539 2.671595 2.716256 2.662072 2.612072 2.602311 2.598367 2.628606 2.694422 2.797211 2.924183 3.056972 3.136972 3.168367 3.136733 3.083706 3.042311 3.006733 3.056972 3.235817 3.381395 3.398128 3.323467 3.263467 3.229522 3.194183 3.15 3.085578 2.998128 2.993706 3.144183 3.270478 3.308605 3.458128 3.682789 3.788844 3.762789 3.736733 3.794183 3.939322 4.068883 4.103783 4.05681 3.958205 3.875177 3.880755 3.956333 3.900278 3.646533 3.386972 3.242072 3.181595 3.240878 3.43295 3.729923 4.047851 4.229044 4.258367 4.226972 4.204183 4.143267 4.008167 3.844222
2.982072 3.020678 2.970678 2.893467 2.840678 2.773467 2.689045 2.65765 2.693467 2.812072 2.980678 3.1251 3.196733 3.23255 3.258128 3.2551 3.203706 3.130917 3.118128 3.216972 3.383028 3.501633 3.532789 3.48255 3.361156 3.222789 3.141633 3.108844 3.116972 3.169284 3.202072 3.186256 3.332072 3.574183 3.676294 3.693506 3.770239 3.837211 3.811633 3.719322 3.568644 3.42215 3.316811 3.232388 3.217489 3.277011 3.392589 3.436533 3.444183 3.463467 3.494384 3.58785 3.869684 4.259684 4.566217 4.649961 4.511833 4.349044 4.299284 4.241156 4.04 3.75 3.508367
3.171633 3.19745 3.153028 3.098605 3.038367 2.999522 2.964861 2.942989 2.968328 3.076934 3.2202 3.306494 3.315339 3.32255 3.372789 3.401633 3.344422 3.265578 3.245339 3.280917 3.353945 3.45 3.53745 3.543267 3.420239 3.24 3.094183 3.045578 3.165578 3.351394 3.404183 3.423944 3.541156 3.604183 3.541156 3.545339 3.701633 3.776772 3.698644 3.477011 3.15235 2.849322 2.649322 2.609083 2.767211 2.96255 3.111156 3.245339 3.500678 3.713228 3.888567 4.199723 4.710439 5.057211 5.132111 5.001872 4.785339 4.626256 4.519044 4.354622 4.108328 3.842034 3.654823
3.125578 3.121394 3.114183 3.098367 3.101156 3.13255 3.200917 3.303467 3.431834 3.52765 3.553706 3.486733 3.42255 3.405578 3.387211 3.345817 3.31 3.308367 3.351156 3.411395 3.433028 3.438844 3.440478 3.4149 3.341872 3.237211 3.126972 3.085578 3.193028 3.333505 3.396533 3.483505 3.596056 3.625817 3.619761 3.651156 3.631872 3.455616 3.251672 3.091433 2.890717 2.661395 2.482311 2.513467 2.794622 3.095778 3.253906 3.433428 3.77785 4.056695 4.311356 4.649522 4.919561 4.959122 4.876333 4.82725 4.833983 4.813744 4.732111 4.614661 4.535578 4.449044 4.306933
3.194861 3.174623 3.17765 3.173706 3.176972 3.214183 3.338367 3.516972 3.678844 3.727928 3.663744 3.563505 3.486056 3.431633 3.368605 3.328367 3.330917 3.383706 3.43255 3.414422 3.367689 3.336533 3.285139 3.2349 3.218844 3.222789 3.185339 3.136733 3.147211 3.153267 3.17745 3.311633 3.490478 3.558167 3.613066 3.636333 3.434939 3.053066 2.782589 2.678405 2.658405 2.639322 2.617211 2.738128 3.116017 3.506934 3.796456 4.09785 4.379961 4.566256 4.7151 4.783945 4.674183 4.46 4.354423 4.417689 4.505378 4.524461 4.476333 4.425178 4.473783 4.600755 4.650277
3.429522 3.480678 3.449045 3.359045 3.254861 3.2651 3.399761 3.544661 3.569561 3.478405 3.391194 3.36235 3.376294 3.373028 3.362789 3.385578 3.471156 3.541156 3.512789 3.374422 3.216056 3.107689 3.050478 3.073028 3.152789 3.251156 3.3051 3.273467 3.166256 3.091833 3.139045 3.27255 3.340716 3.235855 3.105177 2.995894 2.787288 2.556333 2.445378 2.336294 2.316294 2.433267 2.616733 2.909961 3.4753 3.98275 4.370439 4.656734 4.755578 4.799761 4.888128 4.900678 4.743228 4.508806 4.356256 4.291156 4.223028 4.104661 3.944661 3.826056 3.856294 3.9998 4.141911
3.530478 3.658844 3.696972 3.636256 3.53275 3.485539 3.504622 3.470917 3.329761 3.17255 3.106733 3.149522 3.24255 3.332789 3.38 3.424183 3.535817 3.596056 3.520239 3.346972 3.153706 3.011833 2.984384 3.081595 3.209045 3.340917 3.469761 3.506495 3.442989 3.405778 3.407889 3.340239 3.116772 2.782828 2.467011 2.195139 2.000716 1.998166 2.140717 2.195578 2.204861 2.385778 2.802273 3.377611 4.013906 4.413228 4.640917 4.762789 4.791394 4.865578 5.001394 5.078845 4.993267 4.803028 4.588367 4.37255 4.178606 3.993267 3.83745 3.74 3.71 3.680239 3.644661
3.375139 3.545377 3.692589 3.826533 3.903267 3.887211 3.789761 3.6251 3.429045 3.297411 3.258806 3.304861 3.335339 3.35 3.38 3.454183 3.508605 3.49745 3.453028 3.408128 3.3502 3.346695 3.405061 3.468328 3.484861 3.47 3.506294 3.630955 3.721194 3.685855 3.506094 3.206094 2.795616 2.402111 2.141395 2.0051 1.854861 1.779045 1.987889 2.249522 2.456256 2.795539 3.382511 4.0302 4.488128 4.682789 4.764422 4.768845 4.783267 4.866533 4.948645 4.927728 4.810516 4.702828 4.609322 4.441633 4.164423 3.867689 3.718167 3.693983 3.662589 3.579561 3.513744
3.098644 3.172389 3.2745 3.472188 3.64661 3.734738 3.745416 3.7047 3.625378 3.570478 3.546056 3.501872 3.409083 3.334661 3.368845 3.468844 3.491633 3.42 3.414183 3.529761 3.682311 3.839522 3.927211 3.863506 3.658167 3.418405 3.2847 3.270077 3.251272 3.12406 2.911949 2.6496 2.404222 2.223028 2.172311 2.192072 2.128567 2.106456 2.236695 2.425778 2.734384 3.271117 3.889961 4.366495 4.6 4.680478 4.689561 4.651194 4.628405 4.59725 4.490517 4.333544 4.239122 4.271911 4.330755 4.299361 4.072828 3.721633 3.468367 3.416972 3.381155 3.331394 3.260716
2.627966 2.452866 2.361949 2.399638 2.541033 2.766133 2.980077 3.121472 3.241233 3.353783 3.383305 3.332828 3.243744 3.213506 3.270716 3.363744 3.403744 3.399083 3.434422 3.573267 3.768405 3.869361 3.788683 3.577288 3.294022 3.005177 2.723783 2.425416 2.115177 2.016333 2.002827 2.000716 2.053028 2.195339 2.349045 2.459723 2.582034 2.741795 2.815978 2.877373 3.166217 3.778328 4.292072 4.531394 4.584661 4.526533 4.391194 4.292828 4.244461 4.144461 3.944222 3.7498 3.681433 3.706333 3.668444 3.617288 3.626572 3.639322 3.542311 3.494861 3.480678 3.373467 3.124622
1.993066 1.678405 1.473744 1.390478 1.554422 1.924661 2.206533 2.343983 2.510039 2.693066 2.845855 2.9298 2.987928 3.029083 3.067689 3.106533 3.135378 3.225378 3.363744 3.430955 3.384461 3.210994 2.928444 2.708444 2.538205 2.336333 2.071433 1.761872 1.548128 1.547411 1.714145 1.896695 2.089483 2.376456 2.680639 2.970878 3.215539 3.425778 3.528567 3.60275 3.8102 4.206972 4.45235 4.47725 4.417489 4.250278 4.034222 3.893983 3.800955 3.709322 3.576294 3.423267 3.30745 3.176055 2.970239 2.86 3.040239 3.419322 3.6549 3.689083 3.637928 3.566056 3.439045
1.578606 1.379522 1.286256 1.317411 1.567411 1.871834 2.033467 2.092072 2.174861 2.307889 2.461156 2.618605 2.781633 2.890239 2.918844 2.886055 2.841872 2.916533 3.081433 3.123066 2.931194 2.569322 2.210716 1.989322 1.882111 1.804661 1.716972 1.68765 1.731117 1.934823 2.211795 2.467611 2.677611 3.000639 3.311117 3.513228 3.639522 3.776972 3.90255 4.0151 4.139522 4.23745 4.176772 4.028645 3.903066 3.761433 3.646772 3.586294 3.548844 3.508844 3.418844 3.314422 3.23 3.103945 2.94765 2.907411 3.009284 3.213267 3.435855 3.494461 3.406533 3.456294 3.659083
1.596495 1.534861 1.554622 1.667172 1.931117 2.215061 2.333428 2.3904 2.483428 2.559484 2.598328 2.665778 2.764861 2.839761 2.845817 2.790239 2.720239 2.689083 2.675378 2.641672 2.553305 2.333983 2.035578 1.836256 1.762989 1.764384 1.814384 1.978567 2.23275 2.579961 2.891595 3.1202 3.337173 3.621356 3.807172 3.834383 3.807411 3.854861 4.007889 4.193706 4.275339 4.173944 3.926733 3.661156 3.488605 3.394422 3.38 3.433028 3.453506 3.405139 3.319322 3.249322 3.199322 3.170478 3.171633 3.194422 3.173267 3.079322 2.999561 3.05235 3.181872 3.303028 3.502111
1.811595 1.811356 1.920639 2.1455 2.520601 2.875262 3.020162 3.09785 3.128328 3.107172 3.074383 3.057411 3.013467 2.919522 2.826972 2.73 2.658606 2.561394 2.402789 2.214422 2.061872 2.036056 2.068605 2.082311 2.142989 2.172511 2.218328 2.395778 2.671595 2.996017 3.250439 3.476017 3.745778 4.047411 4.186494 4.183945 4.116733 4.086733 4.178606 4.316295 4.346294 4.251634 4.035578 3.748128 3.5051 3.382311 3.382789 3.359322 3.238405 3.135617 3.071433 3.000039 2.961194 3.008167 3.072589 3.091672 3.001672 2.849561 2.751395 2.836733 3.075578 3.261395 3.331394
2.294545 2.386617 2.69614 3.127773 3.601995 3.806217 3.755778 3.662311 3.554183 3.458606 3.403028 3.334661 3.204661 3.035817 2.878367 2.749522 2.672311 2.590917 2.440917 2.206495 1.989045 1.982072 2.076733 2.225578 2.483944 2.68275 2.739006 2.844584 3.083428 3.356695 3.56275 3.803228 4.10255 4.299561 4.260755 4.162627 4.120994 4.120277 4.118405 4.129561 4.166533 4.16235 4.039322 3.851633 3.668367 3.525578 3.379083 3.129561 2.880955 2.758167 2.663983 2.588167 2.619561 2.703983 2.715855 2.590516 2.507488 2.560955 2.757211 2.955339 3.123945 3.274183 3.344183
3.508012 3.799406 4.187573 4.496456 4.560917 4.388844 4.08745 3.788844 3.561872 3.420717 3.320955 3.20235 3.0849 3.000239 2.935578 2.885339 2.825339 2.725578 2.563028 2.368605 2.246733 2.214861 2.220439 2.300439 2.611833 3.118806 3.436456 3.60295 3.764584 3.898328 3.973706 4.047689 4.103305 3.9245 3.564977 3.371711 3.404022 3.604939 3.765139 3.874422 3.951633 3.913267 3.83745 3.797211 3.717211 3.544661 3.223505 2.861872 2.630239 2.490239 2.371633 2.321633 2.354661 2.393506 2.2949 2.093028 2.062789 2.315817 2.719083 3.019322 3.175139 3.259561 3.321194
