Snitker/DATA/rasters/navarres_elevation.asc
NCOLS 681 
NROWS 460 
XLLCORNER 688715.167550153 
YLLCORNER 4318413.43839553 
CELLSIZE 30 
NODATA_value -3.4e+38 
[rows 43 to 85 of 460, columns 380 to 474 of 681]
199 203 207 212 216 228 235 243 251 261 262 260 260 248 241 240 239 239 241 242 242 245 250 251 251 253 255 255 255 255 254 253 253 251 249 250 255 260 271 275 279 286 294 293 293 296 297 296 297 299 298 297 297 299 303 303 304 304 303 304 305 305 307 310 310 310 306 304 302 300 293 288 281 273 254 247 244 232 219 219 219 216 210 206 201 200 212 214 210 206 198 200 209 200 178
199 203 210 215 217 225 231 237 243 258 262 262 260 249 242 239 238 238 240 242 242 242 247 249 251 251 254 254 254 253 250 249 249 250 252 254 258 262 272 275 280 288 297 297 296 300 298 297 299 300 298 296 297 302 302 301 300 300 298 298 299 300 304 307 309 310 306 304 303 302 297 289 281 269 245 245 244 237 226 230 232 235 234 227 221 219 228 229 225 222 213 217 209 210 185
204 207 211 213 217 222 226 231 238 247 257 262 261 257 244 240 240 240 239 240 242 245 245 246 247 247 251 252 251 251 249 247 247 249 251 254 256 259 270 275 280 286 302 299 306 308 307 303 301 300 300 298 301 302 297 295 293 292 294 296 297 299 302 304 304 306 307 305 303 301 293 286 275 265 246 240 243 241 245 248 251 255 241 232 227 227 235 234 229 226 228 227 221 210 191
208 209 214 215 216 218 223 226 231 238 253 258 259 256 244 243 244 245 244 242 242 245 247 247 245 245 247 248 249 250 248 247 246 248 251 254 257 259 268 274 278 282 293 299 301 303 310 309 309 306 304 302 305 305 297 292 288 285 284 289 294 297 302 304 306 306 307 305 301 296 284 276 272 261 246 251 253 257 264 268 261 259 239 227 224 227 241 243 239 236 242 239 229 213 191
213 212 216 218 220 223 226 227 230 233 243 247 253 251 243 243 247 249 248 246 244 244 246 246 246 246 246 247 246 247 248 249 249 251 253 254 255 256 262 268 276 280 280 284 290 295 306 310 311 310 307 306 304 302 296 292 284 282 282 287 292 295 299 300 302 304 306 305 302 297 283 274 266 267 262 264 268 274 279 274 270 260 234 223 222 231 248 251 249 247 249 248 234 218 204
218 216 217 220 223 228 231 232 234 235 240 242 244 246 244 245 247 251 251 247 241 240 245 248 246 246 248 249 250 250 250 250 250 250 253 253 252 252 256 261 270 276 277 280 284 289 301 302 301 300 298 299 300 300 293 288 284 276 278 282 288 292 296 297 298 301 305 307 304 297 283 277 272 271 272 280 285 287 287 281 272 257 241 227 226 239 250 256 256 257 259 249 234 223 208
225 224 224 224 225 229 235 237 240 240 240 240 241 242 245 246 248 251 249 246 246 245 248 249 245 246 246 245 245 245 251 251 250 250 252 253 254 255 259 261 263 264 273 277 283 288 295 295 293 291 288 290 291 289 285 281 279 276 281 284 287 290 291 289 289 295 301 308 310 308 298 287 286 287 290 295 296 294 291 276 263 249 239 235 243 255 266 268 262 263 263 246 234 227 214
226 226 229 231 230 232 237 240 242 244 244 243 243 244 249 250 251 252 249 247 248 248 248 250 248 245 245 245 245 245 247 248 250 250 250 251 254 256 260 261 264 263 267 273 276 279 281 282 281 280 280 284 284 281 280 274 273 275 278 278 281 284 285 284 287 292 299 307 308 308 305 299 296 298 301 302 299 294 287 270 258 248 241 249 257 267 273 270 266 264 261 247 237 227 217
223 224 234 237 239 239 240 241 244 246 245 246 247 249 254 256 255 254 248 247 249 250 250 250 248 246 243 243 244 244 245 247 248 251 251 250 253 255 258 259 262 264 263 268 266 266 271 271 270 270 273 272 271 270 269 263 264 268 272 278 281 276 277 282 287 292 298 307 307 308 307 303 301 301 301 300 298 293 287 266 259 253 252 261 269 274 275 272 269 267 263 253 243 231 220
226 230 241 246 250 247 241 243 247 248 246 247 248 249 252 253 255 254 251 249 249 250 254 253 251 247 245 244 244 243 243 246 247 249 249 250 252 252 255 258 259 261 263 266 264 262 263 267 268 267 266 263 263 264 262 262 263 266 269 273 275 276 281 285 290 294 298 303 306 307 308 307 306 305 301 298 296 292 285 268 263 261 262 272 278 280 278 275 272 268 263 252 240 226 221
227 228 238 245 248 250 249 244 246 247 247 249 251 252 251 253 253 254 254 250 250 253 254 257 257 253 249 243 242 242 243 245 246 249 247 249 251 251 251 253 255 255 258 262 264 264 264 263 264 262 261 258 258 259 260 265 268 270 272 276 279 281 281 288 295 298 300 303 304 305 307 311 311 309 306 302 298 292 286 271 265 262 263 277 283 283 281 276 273 264 257 242 221 217 214
227 228 232 242 245 248 251 250 249 249 250 252 252 251 250 250 250 251 254 253 253 254 255 257 256 254 249 245 246 246 246 244 245 245 245 246 246 246 248 250 252 254 257 259 261 261 262 260 260 258 257 256 257 259 261 266 270 272 273 279 281 284 286 288 294 297 300 302 301 300 300 307 311 311 310 308 305 299 293 276 267 263 267 283 284 282 281 276 269 259 247 236 224 216 215
235 234 234 241 244 247 253 253 252 250 250 255 256 254 251 249 249 250 254 255 257 258 259 257 256 252 248 246 247 247 246 246 248 246 245 246 247 248 250 251 253 254 255 256 258 258 258 259 259 260 258 256 258 262 267 273 275 277 280 288 289 290 292 290 294 299 300 297 296 295 294 301 306 307 307 305 302 297 291 276 273 266 272 286 284 283 283 282 267 254 247 235 224 228 228
242 241 238 238 240 243 248 253 253 252 251 254 255 253 250 247 250 253 256 258 258 257 257 256 254 252 249 246 247 247 248 247 249 247 247 248 248 248 250 252 253 254 254 253 255 257 258 258 259 261 260 259 262 266 271 281 287 291 295 297 296 296 296 296 297 299 297 288 286 286 288 291 303 305 304 303 298 293 287 283 275 277 283 291 287 283 278 273 258 248 248 243 238 242 244
248 247 244 239 241 245 250 254 255 255 256 255 255 253 249 248 251 256 258 262 262 261 260 261 256 252 249 247 247 246 246 246 246 247 247 248 248 249 251 253 254 254 255 259 259 258 260 258 258 260 261 261 264 270 276 294 301 302 303 302 302 303 303 303 302 300 297 284 282 282 285 289 303 306 306 307 302 297 292 289 286 289 292 291 279 274 266 256 243 252 250 249 257 263 264
252 252 250 246 247 249 251 252 255 256 258 257 255 254 251 250 251 255 260 262 263 263 263 265 259 253 250 247 254 253 252 250 248 247 249 248 247 249 251 256 254 255 255 256 257 258 259 263 259 259 260 264 271 276 284 287 299 299 296 295 296 301 305 306 298 293 289 284 279 282 286 289 298 301 304 309 308 304 299 296 299 298 295 288 270 261 254 248 246 255 259 260 269 275 276
257 257 255 254 255 254 253 254 259 259 260 259 258 255 255 252 253 257 260 261 263 265 266 262 259 256 254 253 254 257 256 255 253 250 248 247 248 249 250 251 255 256 256 254 251 253 257 259 257 256 257 261 272 276 281 285 288 288 290 292 292 295 299 300 292 289 285 280 279 286 288 289 293 298 302 306 309 307 304 302 304 302 296 284 268 264 259 254 260 265 267 270 279 283 285
258 257 256 259 260 259 257 257 260 260 260 258 258 258 257 254 254 256 258 260 263 263 263 263 260 257 255 255 258 257 258 256 253 251 248 245 248 250 251 250 254 254 255 254 251 252 255 258 261 259 259 262 268 269 270 271 273 273 274 278 290 293 295 295 287 284 282 277 281 286 285 287 292 294 297 302 310 310 309 307 304 301 294 286 276 273 270 268 269 271 274 279 281 283 285
265 262 260 259 262 261 261 261 264 263 262 261 261 260 257 255 255 256 257 260 261 260 260 259 258 257 255 255 257 259 258 260 256 255 250 248 251 250 251 250 251 252 253 252 253 253 253 254 259 260 261 263 266 267 267 267 270 271 272 275 283 289 292 293 283 277 277 277 281 284 285 281 286 289 293 298 306 309 310 310 303 298 294 291 289 289 288 284 279 280 282 285 289 290 290
268 265 264 263 262 263 265 265 264 262 260 259 263 263 259 257 257 257 257 259 261 261 258 257 256 254 253 253 256 259 261 260 256 258 255 252 250 249 248 249 252 252 250 251 254 255 255 254 257 259 261 263 264 263 264 264 265 264 265 268 276 282 285 286 275 270 270 272 279 280 281 281 286 285 289 294 303 306 309 311 304 300 300 300 299 297 293 290 285 288 291 293 292 290 289
271 269 267 267 264 266 267 268 268 266 263 262 260 262 259 257 259 258 258 258 261 260 258 258 255 256 255 256 258 260 262 263 260 258 255 253 250 249 249 249 250 250 249 250 254 254 254 254 255 257 258 260 264 266 265 263 261 260 262 264 271 273 276 277 271 268 270 270 272 275 278 279 281 285 286 289 297 301 308 312 311 304 304 304 303 298 293 290 291 297 297 293 291 284 283
273 272 272 272 270 270 270 271 272 270 267 265 262 261 259 259 260 260 259 258 259 259 258 258 259 258 257 258 261 263 264 264 261 259 255 254 253 250 249 249 249 250 249 249 251 251 252 253 256 258 258 260 263 265 264 263 263 262 262 264 267 269 271 273 268 265 262 262 263 270 273 274 273 281 286 286 290 298 303 308 309 306 303 302 301 299 299 299 300 298 295 290 285 280 280
270 273 274 276 276 274 272 272 273 270 268 267 264 262 261 263 260 259 259 259 258 258 259 259 259 260 259 259 258 260 261 262 261 260 256 254 249 250 249 249 249 250 250 250 250 250 250 251 253 254 255 258 262 263 262 262 261 260 261 261 262 266 268 269 267 262 261 260 260 270 274 274 273 277 282 286 286 293 298 302 305 306 307 307 306 304 302 300 296 289 285 281 277 273 267
267 269 272 274 276 276 275 274 273 271 270 269 269 267 266 264 260 259 259 260 259 260 260 260 260 258 257 256 258 260 262 263 261 260 257 254 249 251 250 253 251 249 248 249 249 248 248 250 253 257 256 258 260 260 259 260 261 261 262 264 265 265 266 267 268 264 262 262 264 273 278 278 276 275 277 282 286 284 291 295 298 303 306 309 310 304 300 297 293 281 277 273 269 257 252
269 269 269 271 275 278 278 276 274 273 273 272 269 268 267 264 260 260 261 262 262 263 263 261 261 259 256 254 254 260 263 265 265 264 261 255 252 251 252 253 254 250 248 249 250 250 251 250 253 256 256 258 260 259 258 259 259 258 260 263 264 264 264 264 264 266 266 266 270 282 284 283 279 275 274 275 277 284 287 292 295 301 306 308 310 307 304 297 292 280 278 274 261 250 245
270 271 269 269 275 278 279 278 275 275 275 275 270 267 266 266 265 264 264 264 265 266 267 265 263 258 256 255 255 261 263 264 265 266 265 259 255 252 252 253 253 251 248 248 249 248 249 250 252 254 254 256 257 256 256 258 259 258 260 260 260 262 263 263 262 266 267 272 277 286 287 286 284 279 277 275 275 281 287 293 296 301 305 307 308 311 310 303 297 288 286 277 266 251 254
268 270 270 270 272 278 279 279 277 277 277 277 275 274 273 271 270 268 266 265 265 268 269 268 264 260 258 258 257 259 260 261 262 263 260 259 258 252 254 253 252 250 249 249 248 246 247 249 250 253 253 254 255 257 257 257 259 260 259 260 260 261 261 262 264 272 275 278 281 288 291 293 292 288 285 283 283 289 291 293 296 300 303 304 308 316 315 305 299 293 291 287 277 260 262
266 267 269 271 274 280 281 281 280 278 276 276 276 279 277 275 274 269 266 265 265 267 267 266 265 262 260 259 258 258 259 260 261 262 260 259 258 255 254 253 252 249 251 251 251 246 247 249 250 252 252 252 251 252 255 257 258 259 259 260 260 260 262 264 266 269 273 276 277 287 294 301 301 295 291 289 288 291 292 294 296 300 302 302 307 318 318 311 301 295 294 290 279 271 265
266 267 268 272 277 281 281 282 282 280 278 276 275 279 278 276 273 266 264 265 266 268 268 267 266 264 262 260 259 258 259 260 261 261 259 257 257 256 254 252 250 249 255 256 256 250 249 248 249 249 250 251 253 253 254 255 257 259 260 263 264 264 264 265 267 269 269 272 274 281 288 296 301 301 299 299 299 299 295 295 297 298 303 305 309 316 320 311 303 299 293 288 278 274 278
264 265 268 277 279 280 280 282 283 280 278 276 276 277 277 275 274 268 266 266 268 268 268 267 266 265 263 262 263 262 263 266 266 263 259 256 256 256 254 251 248 254 255 257 256 249 249 249 247 247 249 251 253 254 255 255 255 258 258 259 259 262 262 263 264 266 267 269 271 274 285 288 290 296 302 302 302 302 298 297 297 299 303 305 309 316 316 310 305 303 290 283 277 278 285
267 271 274 277 278 279 278 280 282 276 274 273 273 275 274 271 270 267 266 265 265 265 266 265 264 263 263 263 264 265 266 267 268 264 260 258 257 259 259 256 255 257 257 257 256 250 251 250 247 247 248 251 254 254 255 256 257 258 259 259 258 259 259 261 262 263 266 267 268 270 282 287 289 291 302 306 306 304 299 298 298 301 304 305 309 313 316 311 307 302 288 281 281 282 290
267 270 274 277 278 276 276 276 276 274 273 272 272 272 272 271 270 269 268 266 264 263 262 263 262 263 263 264 265 267 268 268 268 265 262 260 259 260 261 260 259 258 257 258 255 252 253 255 252 250 251 252 253 254 255 256 256 257 258 258 258 260 261 262 262 262 264 266 267 270 276 280 287 290 296 301 305 306 306 303 303 305 309 309 311 313 316 311 304 297 284 283 286 288 291
265 267 270 274 277 276 276 275 275 272 271 269 269 272 270 270 270 271 271 268 265 259 258 260 262 262 263 264 266 268 269 268 268 268 263 262 259 257 260 261 261 261 260 258 254 252 253 254 253 251 251 251 251 252 255 255 256 258 258 257 258 258 259 260 261 261 264 266 267 268 274 279 286 288 288 291 295 298 304 306 306 305 305 308 311 314 316 312 306 299 289 290 295 298 293
264 266 265 268 272 274 274 275 277 275 271 269 270 270 270 270 271 272 270 267 264 261 258 258 259 259 259 259 261 265 270 271 271 270 265 263 261 259 261 260 260 260 259 257 254 252 253 254 252 251 249 250 249 249 251 251 253 255 257 256 256 256 257 259 260 261 266 267 266 265 270 273 278 284 287 291 295 299 306 308 308 308 308 310 312 313 316 312 312 306 296 295 296 296 288
269 270 268 268 267 268 272 275 277 272 268 267 268 268 271 272 273 273 268 266 263 261 258 256 255 254 254 256 258 262 268 270 271 272 269 267 265 263 262 259 257 255 254 254 251 250 250 252 252 250 250 248 247 246 251 252 252 253 256 257 255 252 254 255 257 257 260 260 262 263 265 268 273 278 284 287 291 296 304 307 308 309 309 308 309 312 312 313 312 312 304 298 293 290 280
273 272 270 267 266 266 271 272 273 272 268 267 265 264 270 271 272 272 269 266 263 261 257 256 256 254 251 251 253 257 265 267 268 270 270 270 268 265 260 258 257 256 253 252 253 251 251 251 250 250 250 249 248 248 251 252 252 252 254 254 252 252 255 257 259 259 255 256 261 264 266 270 273 274 278 282 289 296 306 307 308 310 313 311 309 308 309 311 313 312 311 299 291 286 282
275 274 273 270 267 266 270 271 270 269 268 265 263 262 265 269 270 270 267 264 261 258 257 258 257 255 248 248 249 253 263 266 267 266 268 267 268 267 263 261 259 257 254 254 255 256 252 250 249 249 250 248 248 249 251 252 252 252 254 253 252 252 257 257 257 256 255 257 262 264 269 271 272 273 272 278 287 296 302 300 299 302 306 309 306 305 306 310 313 313 311 301 294 287 280
278 279 273 272 275 274 271 270 269 267 265 265 264 265 265 267 268 268 267 264 260 257 259 259 258 257 252 249 249 250 256 260 263 265 267 265 264 264 263 262 260 258 256 257 257 257 255 253 251 249 248 248 250 252 252 251 251 251 254 254 254 254 255 257 256 254 254 258 262 265 266 268 268 268 269 276 283 291 296 295 296 297 297 298 299 302 305 308 309 310 310 301 300 289 283
281 279 274 273 275 274 270 271 270 271 265 265 264 266 266 266 266 267 265 262 260 260 258 257 256 256 252 250 249 250 254 256 260 263 263 260 258 258 259 259 258 257 257 257 258 257 255 254 253 253 252 250 250 256 255 253 252 251 251 253 253 254 254 256 255 255 256 258 260 262 263 267 268 267 268 274 279 284 287 296 295 293 293 292 295 299 301 303 303 303 306 306 300 299 293
283 279 278 277 277 276 269 269 270 271 267 267 267 266 263 264 263 264 262 262 261 259 256 254 253 252 251 250 250 251 253 255 258 257 258 256 255 255 256 257 257 258 258 258 259 259 258 254 254 254 255 255 255 256 256 252 251 250 251 253 253 253 253 254 255 256 257 257 256 257 259 266 269 268 267 272 276 279 283 291 289 287 287 290 292 296 296 297 298 301 305 312 308 299 301
293 287 280 279 278 277 271 271 271 271 268 266 265 265 263 263 259 258 258 259 260 259 255 252 248 245 244 247 248 249 250 253 254 255 254 253 252 253 253 255 258 260 261 261 261 261 260 256 255 254 253 257 257 257 256 249 250 250 252 253 252 253 253 254 255 255 255 254 256 257 258 265 268 270 269 273 276 278 281 286 285 285 287 285 285 288 289 292 297 301 306 312 311 307 301
300 295 282 281 281 279 273 271 272 273 273 268 265 263 264 263 257 254 254 256 258 258 258 251 248 244 242 244 247 248 249 250 252 253 252 252 252 252 252 254 259 264 266 263 262 262 262 260 258 257 256 255 255 254 252 249 250 253 254 253 254 254 253 252 253 253 254 256 256 256 259 264 265 266 269 273 276 278 279 281 281 281 282 281 280 282 282 286 295 303 305 312 312 310 305
303 299 295 283 282 280 278 275 273 271 271 270 268 264 262 259 257 254 251 252 253 255 254 249 245 242 241 242 245 245 246 247 248 249 248 250 251 252 252 252 257 264 269 266 262 261 261 260 260 260 259 257 256 254 253 251 251 253 255 255 255 255 254 251 250 251 254 255 256 256 258 265 265 265 267 271 273 275 275 277 280 282 282 278 276 278 281 287 292 301 305 310 312 312 311
