Gravel-Miguel/LCP_maps/Snowdon/DEM.asc
ncols        132
nrows        120
xllcorner    -1585586.593349999981
yllcorner    52773.944563763616
cellsize     100.007353863637
[rows 38 to 56 of 120, columns 43 to 85 of 132]
478.80084228515625 500.027557373046875 527.5335693359375 555.08447265625 561.666259765625 550.46392822265625 539.97406005859375 548.1163330078125 565.98590087890625 567.36273193359375 534.10906982421875 477.03570556640625 409.067047119140625 384.9581298828125 393.218719482421875 429.49224853515625 463.916595458984375 490.773712158203125 527.6783447265625 553.076171875 572.41973876953125 589.5064697265625 597.03900146484375 600.1107177734375 613.7586669921875 636.36474609375 665.73565673828125 677.0057373046875 639.2677001953125 565.321533203125 481.722320556640625 429.144317626953125 395.25390625 354.795623779296875 335.83319091796875 329.200469970703125 310.665496826171875 280.269073486328125 248.848114013671875 219.02471923828125 194.3311920166015625 173.681243896484375 165.0184783935546875
451.496917724609375 472.27880859375 503.3343505859375 532.371337890625 536.76885986328125 524.072021484375 510.231201171875 513.35748291015625 530.50732421875 541.1453857421875 515.2691650390625 464.868408203125 408.20068359375 395.379058837890625 412.28125 452.708740234375 488.546783447265625 516.01019287109375 549.64483642578125 573.2752685546875 590.68524169921875 604.7467041015625 611.38641357421875 615.17169189453125 626.23162841796875 651.40277099609375 678.99951171875 689.50848388671875 642.62548828125 568.462890625 489.35479736328125 449.051025390625 422.832305908203125 401.543731689453125 390.58648681640625 381.865997314453125 353.099578857421875 301.110687255859375 257.719268798828125 230.3850250244140625 213.149444580078125 192.3260498046875 168.6441497802734375
435.112213134765625 457.76214599609375 483.018280029296875 502.056182861328125 504.153839111328125 495.9195556640625 483.904510498046875 487.21844482421875 500.44403076171875 514.09027099609375 496.1455078125 457.887725830078125 412.819305419921875 408.747833251953125 428.927276611328125 472.001373291015625 507.458526611328125 540.00299072265625 570.39111328125 587.34051513671875 602.433349609375 614.50439453125 619.9224853515625 626.4173583984375 639.39385986328125 663.4520263671875 693.8106689453125 707.4945068359375 665.22320556640625 595.27252197265625 514.81170654296875 484.43035888671875 467.162841796875 453.606292724609375 438.19793701171875 428.149383544921875 398.02716064453125 345.10235595703125 297.17724609375 256.903533935546875 238.0717315673828125 218.6003570556640625 191.2448272705078125
418.362884521484375 444.2857666015625 463.923919677734375 474.010162353515625 474.1708984375 467.124237060546875 456.365814208984375 461.5750732421875 473.434326171875 488.429351806640625 482.973724365234375 465.8900146484375 440.61578369140625 440.323455810546875 456.0625 492.548004150390625 520.77276611328125 550.90594482421875 580.66790771484375 594.2542724609375 608.41204833984375 621.214599609375 626.534912109375 633.91278076171875 650.56915283203125 672.3057861328125 706.47735595703125 725.53125 694.24102783203125 622.36968994140625 540.3642578125 513.9747314453125 507.0347900390625 503.586700439453125 490.280548095703125 478.846038818359375 444.391632080078125 398.174560546875 349.8665771484375 299.22161865234375 273.071868896484375 250.6555023193359375 217.077850341796875
407.2459716796875 423.661956787109375 432.482818603515625 438.5418701171875 443.10675048828125 444.25628662109375 442.686614990234375 445.07684326171875 449.918548583984375 464.542572021484375 477.62744140625 490.60919189453125 497.676361083984375 501.34710693359375 511.400848388671875 537.439453125 556.86962890625 569.5384521484375 584.12640380859375 594.36480712890625 606.193603515625 620.60565185546875 629.363037109375 636.972412109375 655.7525634765625 681.95855712890625 717.0673828125 741.25787353515625 715.21551513671875 649.44305419921875 586.2315673828125 558.38604736328125 547.832763671875 545.80731201171875 540.54412841796875 530.9468994140625 485.1600341796875 443.21124267578125 398.56488037109375 346.132110595703125 307.1767578125 277.03717041015625 243.84161376953125
400.506561279296875 413.106109619140625 420.132293701171875 424.29339599609375 426.506103515625 429.353607177734375 434.525543212890625 438.706207275390625 442.306182861328125 449.99066162109375 466.95611572265625 491.181793212890625 523.44696044921875 540.35369873046875 550.8905029296875 574.716064453125 588.7421875 592.1605224609375 593.0909423828125 597.4560546875 604.73406982421875 616.85040283203125 625.53985595703125 633.15447998046875 650.166259765625 681.335205078125 719.357177734375 752.6905517578125 719.57977294921875 658.2501220703125 610.8057861328125 599.34698486328125 596.28369140625 591.444091796875 572.50274658203125 541.886962890625 469.435943603515625 429.14019775390625 396.053924560546875 364.24200439453125 328.4520263671875 293.08514404296875 260.0140380859375
390.957427978515625 401.038421630859375 410.0096435546875 416.013092041015625 417.843475341796875 419.489288330078125 423.55126953125 427.051177978515625 430.33526611328125 433.135162353515625 448.890228271484375 476.9822998046875 527.8856201171875 560.6787109375 582.634033203125 607.93853759765625 615.91046142578125 612.09716796875 598.17987060546875 593.74359130859375 597.63348388671875 610.13665771484375 619.21160888671875 627.83837890625 643.4945068359375 673.39935302734375 714.59381103515625 757.36944580078125 731.80279541015625 685.614013671875 640.8948974609375 639.891357421875 639.470458984375 624.37237548828125 584.23822021484375 531.51214599609375 446.45989990234375 407.861083984375 383.19775390625 363.64892578125 339.216552734375 314.847625732421875 286.317352294921875
385.402191162109375 393.6175537109375 398.358856201171875 401.815399169921875 404.1964111328125 406.785308837890625 411.85015869140625 416.99578857421875 420.937225341796875 423.756439208984375 433.0902099609375 465.6939697265625 532.86822509765625 577.74652099609375 615.30169677734375 644.8311767578125 654.693115234375 651.4134521484375 623.30657958984375 597.739501953125 583.538330078125 588.52655029296875 602.98577880859375 619.56121826171875 645.7589111328125 672.6197509765625 715.2359619140625 759.29766845703125 757.5421142578125 742.3192138671875 724.947021484375 723.8028564453125 708.179931640625 631.2838134765625 544.93756103515625 490.571624755859375 431.160308837890625 403.686676025390625 395.40252685546875 378.958984375 357.445465087890625 338.6739501953125 324.36236572265625
378.417236328125 387.226531982421875 391.59814453125 394.8214111328125 396.970184326171875 398.631072998046875 403.089691162109375 409.39520263671875 416.432464599609375 423.283233642578125 429.84649658203125 457.709991455078125 518.93096923828125 568.05914306640625 611.458984375 663.249755859375 689.57757568359375 699.82611083984375 680.320068359375 649.29180908203125 620.50689697265625 601.784423828125 606.5244140625 619.2540283203125 655.0130615234375 692.63470458984375 738.89031982421875 785.5234375 799.2611083984375 792.80126953125 791.20538330078125 778.55157470703125 745.55859375 641.95294189453125 543.9637451171875 486.020050048828125 432.59625244140625 410.7620849609375 407.132965087890625 404.43328857421875 393.03094482421875 376.812103271484375 369.24102783203125
371.04034423828125 378.18426513671875 382.780731201171875 388.07806396484375 391.3680419921875 392.938140869140625 397.339324951171875 402.875244140625 409.2484130859375 415.706817626953125 422.94964599609375 442.856414794921875 486.945831298828125 531.25115966796875 571.40618896484375 646.84686279296875 702.91986083984375 739.19622802734375 745.9869384765625 725.2728271484375 695.20782470703125 661.65716552734375 652.56573486328125 653.1578369140625 683.08135986328125 726.62042236328125 773.61505126953125 814.11962890625 836.4854736328125 843.045654296875 846.55810546875 813.81390380859375 761.094970703125 669.92486572265625 578.06231689453125 508.90960693359375 462.503814697265625 442.70062255859375 434.383148193359375 436.90234375 427.747344970703125 421.069305419921875 427.994720458984375
360.353118896484375 370.095947265625 376.33502197265625 382.70953369140625 385.635223388671875 386.723602294921875 390.477142333984375 394.720184326171875 399.39508056640625 406.100250244140625 413.795257568359375 424.463531494140625 443.380767822265625 471.34857177734375 512.23760986328125 598.52911376953125 673.9996337890625 739.130615234375 788.1246337890625 797.30767822265625 786.0242919921875 753.82989501953125 735.8978271484375 739.87567138671875 775.156982421875 807.51214599609375 841.5706787109375 860.88397216796875 873.95953369140625 872.02520751953125 850.24871826171875 806.1680908203125 757.73114013671875 696.9532470703125 618.92034912109375 555.05279541015625 521.875732421875 515.82366943359375 508.78485107421875 504.8199462890625 492.526885986328125 492.7994384765625 506.880615234375
353.510894775390625 365.44256591796875 373.780517578125 381.302490234375 384.55633544921875 386.110992431640625 387.84649658203125 390.077392578125 393.764434814453125 401.462982177734375 409.965850830078125 418.172271728515625 428.857421875 446.618743896484375 487.949005126953125 574.21112060546875 649.54736328125 726.22894287109375 792.577880859375 811.52838134765625 816.7513427734375 804.91015625 793.6690673828125 810.8135986328125 852.52520751953125 871.34490966796875 891.23516845703125 906.064453125 913.349365234375 890.0191650390625 832.22052001953125 779.28265380859375 734.875732421875 684.4046630859375 636.85595703125 600.8243408203125 578.16131591796875 574.94036865234375 560.0257568359375 548.04669189453125 542.95843505859375 546.500732421875 573.05206298828125
351.403717041015625 364.791107177734375 373.699859619140625 381.15423583984375 383.888397216796875 385.71856689453125 387.023529052734375 388.9468994140625 391.55694580078125 397.638519287109375 404.166778564453125 409.993927001953125 420.42852783203125 437.39788818359375 479.372406005859375 563.94500732421875 635.28900146484375 711.40087890625 789.46484375 817.59515380859375 832.04815673828125 836.8934326171875 839.21856689453125 866.4539794921875 908.1385498046875 924.94244384765625 934.44256591796875 943.6165771484375 936.85003662109375 895.43408203125 823.195556640625 766.7816162109375 724.87530517578125 684.84295654296875 655.513427734375 632.16851806640625 616.038818359375 615.3297119140625 605.003173828125 594.2994384765625 588.46014404296875 584.7659912109375 612.13629150390625
351.686553955078125 366.526641845703125 375.944732666015625 382.7493896484375 384.123382568359375 385.32568359375 386.850494384765625 389.2449951171875 390.848602294921875 394.14324951171875 401.259796142578125 412.783294677734375 427.520751953125 445.803802490234375 476.357879638671875 552.039306640625 624.337646484375 689.07989501953125 761.95050048828125 804.13800048828125 831.5946044921875 864.2431640625 884.708740234375 905.67523193359375 936.9515380859375 961.33770751953125 976.51318359375 988.5333251953125 955.92572021484375 893.933837890625 814.637451171875 769.385009765625 743.611572265625 739.40106201171875 716.79998779296875 684.39892578125 643.082763671875 639.8790283203125 643.28692626953125 643.95208740234375 641.9681396484375 642.4560546875 656.455078125
353.8232421875 367.983978271484375 376.10552978515625 382.5548095703125 384.97802734375 386.54833984375 386.48895263671875 390.290924072265625 395.17620849609375 404.208953857421875 415.71099853515625 430.758880615234375 447.768951416015625 467.075714111328125 492.130096435546875 549.03076171875 605.95867919921875 664.86279296875 733.29913330078125 777.85614013671875 813.5518798828125 859.789794921875 894.50408935546875 924.062255859375 954.69036865234375 977.97711181640625 998.33209228515625 1011.80035400390625 977.0777587890625 918.22265625 840.44244384765625 799.34002685546875 780.4085693359375 784.45941162109375 760.9716796875 722.373779296875 673.42462158203125 671.320556640625 672.57501220703125 670.73638916015625 668.941650390625 681.57623291015625 692.871337890625
355.6754150390625 368.113067626953125 375.099212646484375 382.136016845703125 387.10882568359375 391.31829833984375 392.0216064453125 396.47137451171875 407.393707275390625 429.858123779296875 446.625 462.0418701171875 474.354278564453125 487.156158447265625 509.54815673828125 552.67193603515625 586.95355224609375 634.8333740234375 699.56634521484375 746.41357421875 794.8497314453125 851.79833984375 891.63055419921875 931.04296875 969.4947509765625 990.62725830078125 1012.21856689453125 1026.3206787109375 1003.87982177734375 964.7584228515625 901.716064453125 863.6142578125 845.7930908203125 834.288818359375 802.25518798828125 749.47247314453125 694.14093017578125 689.30645751953125 691.5926513671875 696.581787109375 699.5469970703125 720.1953125 725.388916015625
358.92529296875 369.656219482421875 377.36358642578125 386.577362060546875 391.80718994140625 405.665496826171875 424.093597412109375 434.56744384765625 452.836822509765625 480.39398193359375 492.692596435546875 501.081146240234375 504.929656982421875 507.73583984375 519.32965087890625 539.96514892578125 554.5635986328125 591.2464599609375 666.515380859375 726.97467041015625 784.5096435546875 854.53802490234375 899.374755859375 941.0928955078125 976.22515869140625 988.95074462890625 997.9066162109375 1003.92401123046875 999.15289306640625 990.58953857421875 969.38433837890625 945.899169921875 926.12982177734375 887.53070068359375 846.7484130859375 793.49810791015625 735.67828369140625 712.36676025390625 706.4874267578125 706.42962646484375 720.2239990234375 746.79351806640625 769.26043701171875
363.6959228515625 374.87432861328125 383.70819091796875 397.412689208984375 407.190521240234375 427.60577392578125 459.132659912109375 478.05889892578125 493.3917236328125 509.587890625 518.2408447265625 522.6082763671875 520.73028564453125 518.620849609375 522.140625 531.5396728515625 543.5078125 567.80462646484375 645.8526611328125 723.0682373046875 786.7481689453125 864.732666015625 915.0059814453125 953.2548828125 974.7364501953125 974.01971435546875 968.686767578125 967.0494384765625 956.6248779296875 947.41156005859375 943.6661376953125 937.05145263671875 929.483154296875 901.10589599609375 870.7552490234375 833.83612060546875 787.0399169921875 757.39215087890625 740.4364013671875 726.475830078125 732.99072265625 754.808837890625 796.1600341796875
371.29010009765625 385.156646728515625 393.108978271484375 411.9512939453125 431.8731689453125 456.203582763671875 492.986968994140625 517.97198486328125 528.4039306640625 523.9295654296875 524.82958984375 529.87298583984375 531.208251953125 526.977294921875 523.751953125 528.2464599609375 541.6583251953125 564.4315185546875 635.459716796875 711.7974853515625 783.97100830078125 870.68914794921875 927.95928955078125 963.07977294921875 963.39178466796875 939.48809814453125 918.79229736328125 916.6629638671875 900.5474853515625 881.98638916015625 874.67779541015625 870.256103515625 865.87933349609375 859.29248046875 859.430908203125 852.8138427734375 831.81109619140625 805.44842529296875 785.3857421875 770.98968505859375 771.9744873046875 790.35345458984375 823.6015625
