Gravel-Miguel/LCP_maps/Snowdon/DEM.asc
ncols        132
nrows        120
xllcorner    -1585586.593349999981
yllcorner    52773.944563763616
cellsize     100.007353863637
[rows 57 to 75 of 120, columns 43 to 85 of 132]
386.7735595703125 408.12164306640625 421.149871826171875 443.705810546875 467.84039306640625 492.33392333984375 515.6475830078125 544.1767578125 563.00628662109375 554.90228271484375 545.11529541015625 541.54852294921875 541.4664306640625 534.16033935546875 528.910400390625 531.09423828125 538.48651123046875 564.40216064453125 629.7764892578125 697.12493896484375 780.5467529296875 877.9283447265625 935.46514892578125 967.52191162109375 943.14215087890625 883.7412109375 845.26947021484375 833.303466796875 823.31768798828125 799.01519775390625 773.53253173828125 765.40118408203125 756.82366943359375 759.87420654296875 778.54791259765625 801.783935546875 821.00604248046875 819.47381591796875 820.4820556640625 832.41839599609375 844.64361572265625 848.25848388671875 831.99267578125
401.99615478515625 428.56842041015625 448.458221435546875 472.710906982421875 491.20843505859375 512.154052734375 533.543701171875 562.65118408203125 585.9010009765625 584.54620361328125 564.84326171875 555.873779296875 552.37982177734375 543.2132568359375 536.887939453125 538.5218505859375 544.703857421875 569.90435791015625 632.12738037109375 693.92877197265625 778.48736572265625 885.38238525390625 942.98712158203125 980.64874267578125 954.7435302734375 885.84881591796875 833.867919921875 790.70343017578125 772.68414306640625 745.0185546875 715.65985107421875 702.3612060546875 691.7408447265625 695.33343505859375 716.59246826171875 749.652099609375 779.73211669921875 791.1802978515625 802.61822509765625 833.33489990234375 852.33245849609375 850.4425048828125 817.39892578125
416.53228759765625 445.1685791015625 469.064971923828125 494.15228271484375 506.116912841796875 521.35009765625 554.33453369140625 589.28887939453125 616.84552001953125 612.0142822265625 580.76953125 564.441650390625 560.43695068359375 557.9365234375 550.66705322265625 549.14801025390625 557.20025634765625 578.9918212890625 641.027587890625 708.531005859375 786.63067626953125 892.37274169921875 957.5574951171875 1001.6038818359375 986.0416259765625 923.99908447265625 863.09326171875 781.4906005859375 731.7071533203125 692.1141357421875 666.04718017578125 654.96270751953125 649.73583984375 655.07470703125 677.22149658203125 710.1253662109375 737.3507080078125 753.22210693359375 766.61126708984375 795.48358154296875 804.48046875 799.49468994140625 774.632080078125
426.019439697265625 452.195953369140625 472.589630126953125 499.669677734375 518.26385498046875 533.97332763671875 582.63916015625 625.0841064453125 652.57122802734375 651.78936767578125 624.67181396484375 597.2379150390625 586.1595458984375 580.34686279296875 568.12884521484375 565.234130859375 578.57623291015625 601.59320068359375 659.7572021484375 733.72503662109375 813.09912109375 909.37158203125 976.035888671875 1019.233154296875 1014.30596923828125 963.38433837890625 887.0968017578125 771.39599609375 694.53875732421875 640.87091064453125 616.26708984375 608.95330810546875 607.8358154296875 618.32440185546875 648.3018798828125 673.4312744140625 682.1202392578125 688.59228515625 700.98809814453125 721.2427978515625 718.616943359375 707.51129150390625 687.79638671875
424.171234130859375 448.01220703125 467.23565673828125 497.4603271484375 524.397216796875 549.98748779296875 601.927734375 644.3953857421875 675.92254638671875 687.8145751953125 664.90399169921875 632.1387939453125 607.35882568359375 597.93157958984375 589.10040283203125 585.49169921875 597.33160400390625 626.86224365234375 687.60748291015625 757.66778564453125 839.938232421875 930.06903076171875 983.42218017578125 1022.67620849609375 1020.46539306640625 975.1875 892.419921875 763.48260498046875 683.3082275390625 624.1788330078125 597.53533935546875 596.56683349609375 599.56549072265625 608.71038818359375 628.53399658203125 635.17242431640625 635.19049072265625 639.13592529296875 659.88775634765625 676.3529052734375 665.5697021484375 647.21728515625 624.7484130859375
417.67047119140625 437.29254150390625 459.8199462890625 497.603302001953125 531.19439697265625 567.0546875 615.648193359375 650.8897705078125 686.3095703125 710.7994384765625 694.87176513671875 659.51116943359375 618.39923095703125 612.19976806640625 613.929443359375 622.287353515625 632.7303466796875 661.73291015625 724.19232177734375 786.291015625 869.20465087890625 951.09246826171875 979.56353759765625 1004.33349609375 1006.58355712890625 972.84002685546875 901.87298583984375 783.53570556640625 706.1240234375 649.6085205078125 610.70013427734375 603.842529296875 605.7635498046875 611.021240234375 614.7254638671875 601.0848388671875 584.5018310546875 586.409423828125 618.7022705078125 640.07659912109375 629.61114501953125 608.3389892578125 575.74554443359375
405.38287353515625 422.220458984375 449.56695556640625 497.729095458984375 535.448974609375 571.35467529296875 616.43255615234375 647.450439453125 680.98541259765625 711.89306640625 712.24346923828125 691.7159423828125 658.849365234375 652.90728759765625 658.99505615234375 676.6868896484375 694.1353759765625 719.36279296875 783.137939453125 840.60284423828125 904.81427001953125 946.53399658203125 947.60675048828125 941.95025634765625 927.90234375 904.34649658203125 869.43414306640625 804.96502685546875 752.1138916015625 714.59173583984375 671.21832275390625 643.41796875 624.71630859375 592.7064208984375 573.2545166015625 554.851318359375 536.85821533203125 542.57501220703125 567.6705322265625 582.50799560546875 570.67913818359375 549.6396484375 520.375
397.87359619140625 418.721099853515625 446.5673828125 496.92138671875 536.279296875 565.5289306640625 604.1121826171875 633.84521484375 663.90142822265625 703.3759765625 722.2874755859375 722.88592529296875 703.4632568359375 697.2508544921875 702.97540283203125 724.18011474609375 745.85614013671875 767.0810546875 830.1263427734375 875.57232666015625 909.94451904296875 898.7626953125 879.97821044921875 864.09283447265625 849.74652099609375 832.98065185546875 814.18475341796875 787.055908203125 766.236328125 746.192138671875 713.06689453125 669.578369140625 622.6259765625 554.04541015625 525.172119140625 506.21978759765625 496.59185791015625 511.016021728515625 533.5137939453125 549.96502685546875 533.92047119140625 509.015869140625 481.38214111328125
396.129119873046875 427.04217529296875 454.92724609375 496.567474365234375 529.09100341796875 554.193359375 586.63433837890625 613.65655517578125 640.13568115234375 675.8563232421875 707.044921875 730.41748046875 732.1038818359375 733.84375 743.60772705078125 771.42633056640625 795.71685791015625 819.78692626953125 867.39678955078125 883.22259521484375 881.58038330078125 833.7879638671875 805.94842529296875 781.02093505859375 766.50421142578125 762.36865234375 761.37689208984375 763.87628173828125 769.08953857421875 764.9814453125 738.619873046875 687.0484619140625 609.5660400390625 509.845123291015625 481.844451904296875 466.963958740234375 466.720550537109375 480.1719970703125 496.97998046875 511.54705810546875 498.728607177734375 481.747833251953125 461.286163330078125
400.045166015625 438.347808837890625 467.639984130859375 495.533935546875 513.86016845703125 531.5882568359375 552.6142578125 572.6412353515625 594.4281005859375 623.34832763671875 651.67913818359375 684.32354736328125 718.81024169921875 742.566162109375 775.8353271484375 823.809326171875 851.325927734375 867.92138671875 863.45062255859375 828.60369873046875 780.13494873046875 717.12445068359375 700.9775390625 689.03955078125 684.06634521484375 687.809326171875 699.41351318359375 728.6492919921875 757.12506103515625 780.89288330078125 753.7208251953125 688.10333251953125 601.580322265625 497.92230224609375 457.39105224609375 440.24688720703125 441.001953125 450.94476318359375 461.776336669921875 465.417633056640625 456.95758056640625 451.111419677734375 440.256683349609375
408.5067138671875 440.856292724609375 463.106414794921875 484.228424072265625 497.41253662109375 511.18414306640625 529.5772705078125 545.5172119140625 560.17120361328125 584.7994384765625 610.92047119140625 646.1968994140625 696.5106201171875 731.87762451171875 773.869873046875 830.2713623046875 861.484375 871.78875732421875 820.7325439453125 754.40655517578125 698.70440673828125 642.5302734375 623.50225830078125 619.33001708984375 623.01129150390625 636.28424072265625 657.77972412109375 691.76824951171875 724.45904541015625 759.33148193359375 745.68914794921875 684.09527587890625 607.41217041015625 510.777008056640625 460.235137939453125 437.65631103515625 430.877197265625 433.37811279296875 438.354644775390625 441.767578125 440.357391357421875 438.62158203125 431.842193603515625
414.581024169921875 439.33917236328125 454.445709228515625 471.01800537109375 480.323822021484375 488.547882080078125 504.070770263671875 519.6397705078125 532.69073486328125 560.1278076171875 587.85284423828125 619.82037353515625 674.41986083984375 719.68560791015625 762.234130859375 817.2470703125 841.302001953125 844.1536865234375 757.6761474609375 672.6907958984375 619.3009033203125 581.444580078125 568.90869140625 571.1593017578125 573.89031982421875 585.8184814453125 609.04345703125 647.3399658203125 685.599365234375 723.261962890625 734.53887939453125 692.89263916015625 626.028564453125 531.9622802734375 471.63031005859375 437.728668212890625 429.981658935546875 428.57513427734375 428.745025634765625 429.335693359375 430.855712890625 432.2069091796875 431.11737060546875
414.307861328125 431.597259521484375 440.521209716796875 454.19146728515625 464.865203857421875 473.20745849609375 483.477325439453125 492.64593505859375 503.244293212890625 533.30010986328125 565.02178955078125 598.07989501953125 647.74700927734375 692.6500244140625 735.9117431640625 786.264892578125 801.44586181640625 781.9080810546875 680.90362548828125 607.07843017578125 550.8065185546875 523.552001953125 516.37713623046875 516.1334228515625 522.25677490234375 534.6907958984375 558.99151611328125 602.23779296875 639.34326171875 685.56756591796875 731.1531982421875 718.44976806640625 659.3873291015625 556.3824462890625 494.401763916015625 453.297027587890625 437.377410888671875 433.38763427734375 430.04046630859375 427.9227294921875 428.59222412109375 434.17694091796875 444.123291015625
412.876708984375 428.143798828125 435.14990234375 442.743133544921875 451.488037109375 461.6351318359375 474.333160400390625 484.480224609375 499.0601806640625 527.5545654296875 555.1712646484375 586.908447265625 631.187255859375 670.0906982421875 715.65625 763.0584716796875 775.69158935546875 729.92083740234375 620.48828125 564.26019287109375 524.94171142578125 509.4605712890625 506.204132080078125 493.860748291015625 487.7650146484375 497.965972900390625 528.01953125 580.70703125 617.49908447265625 665.96112060546875 719.48468017578125 726.32794189453125 684.8653564453125 580.18878173828125 509.458526611328125 468.4556884765625 450.13079833984375 448.277587890625 444.021148681640625 438.22869873046875 436.81298828125 443.16412353515625 461.3634033203125
406.026275634765625 420.873321533203125 429.14398193359375 436.658721923828125 443.596435546875 452.281982421875 465.487518310546875 477.0224609375 497.138519287109375 530.84393310546875 558.978515625 587.57818603515625 624.63604736328125 653.64599609375 694.89239501953125 740.74493408203125 750.07745361328125 683.04022216796875 576.42828369140625 527.0889892578125 502.013427734375 492.953277587890625 492.93975830078125 476.351287841796875 471.442657470703125 485.105010986328125 513.95587158203125 560.83990478515625 600.18023681640625 646.405517578125 705.4532470703125 724.488037109375 706.962158203125 615.1943359375 539.27740478515625 494.38336181640625 471.7000732421875 469.0303955078125 464.864501953125 457.424163818359375 459.457733154296875 467.702850341796875 489.785430908203125
394.395416259765625 404.88726806640625 412.80828857421875 424.7965087890625 434.923858642578125 444.910736083984375 462.46307373046875 480.6378173828125 505.412994384765625 540.17376708984375 567.2904052734375 588.87811279296875 622.31707763671875 650.77978515625 682.10662841796875 716.01727294921875 697.45428466796875 619.40521240234375 536.78662109375 494.40325927734375 478.474639892578125 467.139739990234375 458.402191162109375 444.156280517578125 453.23223876953125 479.883209228515625 514.97003173828125 558.9378662109375 598.8660888671875 639.18865966796875 698.97119140625 739.5050048828125 744.87994384765625 654.00091552734375 575.32513427734375 523.9351806640625 512.11260986328125 509.523681640625 505.45086669921875 492.365447998046875 496.3280029296875 509.295501708984375 533.85174560546875
381.074920654296875 393.77801513671875 403.857208251953125 420.38336181640625 434.24041748046875 445.774627685546875 465.100982666015625 490.71429443359375 520.67474365234375 552.31591796875 574.37322998046875 590.77288818359375 615.595703125 642.8563232421875 671.54486083984375 700.3883056640625 662.79071044921875 588.3349609375 514.98370361328125 475.179412841796875 454.796295166015625 444.414642333984375 437.231658935546875 432.286895751953125 446.839569091796875 471.96063232421875 508.37713623046875 556.97747802734375 598.68023681640625 644.093017578125 701.16925048828125 749.44061279296875 767.32611083984375 699.87945556640625 619.14898681640625 557.054931640625 537.1575927734375 535.3492431640625 534.4234619140625 531.56396484375 538.9178466796875 552.36065673828125 567.18792724609375
367.0360107421875 381.74566650390625 395.87353515625 418.9476318359375 439.269775390625 457.38934326171875 477.847442626953125 501.786895751953125 530.3162841796875 558.10943603515625 576.8465576171875 593.9862060546875 614.91265869140625 637.246337890625 659.98187255859375 675.74310302734375 630.01019287109375 564.953369140625 494.799102783203125 460.532012939453125 433.8731689453125 419.652130126953125 418.92889404296875 423.773834228515625 443.5870361328125 464.936676025390625 500.953765869140625 554.00042724609375 592.2294921875 639.15582275390625 705.27850341796875 757.31817626953125 794.10015869140625 763.107666015625 691.12127685546875 629.0419921875 586.28155517578125 573.6907958984375 565.3590087890625 569.11773681640625 583.307861328125 602.93353271484375 612.4534912109375
355.406982421875 370.441009521484375 387.0528564453125 414.826904296875 438.987518310546875 465.371795654296875 493.460968017578125 509.36627197265625 529.21954345703125 553.5699462890625 568.9085693359375 585.2470703125 608.446044921875 629.3868408203125 654.1173095703125 641.191650390625 584.05316162109375 528.30780029296875 464.198089599609375 433.639068603515625 408.30419921875 400.74139404296875 409.7938232421875 418.320220947265625 437.1171875 457.979827880859375 492.453338623046875 549.15313720703125 592.9913330078125 636.442626953125 707.29376220703125 766.161865234375 822.61822509765625 835.6741943359375 787.4129638671875 724.198486328125 664.8544921875 646.4420166015625 639.0955810546875 640.154296875 651.7613525390625 668.2257080078125 669.42608642578125
