Gravel-Miguel/LCP_maps/Snowdon/DEM.asc
ncols        132
nrows        120
xllcorner    -1585586.593349999981
yllcorner    52773.944563763616
cellsize     100.007353863637
[rows 95 to 113 of 120, columns 0 to 42 of 132]
443.063690185546875 429.372222900390625 422.092071533203125 412.340606689453125 405.8367919921875 391.19171142578125 374.981201171875 357.091094970703125 338.18603515625 316.907012939453125 288.801727294921875 253.10089111328125 236.33819580078125 211.19439697265625 188.6976776123046875 176.2794036865234375 161.003509521484375 152.6551055908203125 147.7457275390625 138.5122222900390625 131.9934844970703125 132.2812652587890625 146.0710906982421875 161.4750823974609375 174.0807952880859375 189.57965087890625 210.5776824951171875 223.039642333984375 238.0865325927734375 258.8978271484375 273.65185546875 291.037353515625 315.075408935546875 332.206634521484375 353.91607666015625 390.519866943359375 422.090087890625 456.248626708984375 497.20111083984375 517.6185302734375 527.4208984375 517.5242919921875 499.161773681640625
452.91656494140625 434.665313720703125 421.33355712890625 402.935699462890625 385.742950439453125 367.988677978515625 355.42669677734375 341.798187255859375 324.337799072265625 307.74560546875 281.5086669921875 246.01666259765625 227.4083099365234375 202.40826416015625 182.5230560302734375 171.0001373291015625 156.379180908203125 146.98297119140625 141.5359954833984375 133.2836456298828125 127.94446563720703125 127.37633514404296875 140.0555877685546875 154.9491424560546875 169.5977935791015625 184.347930908203125 204.74176025390625 218.2938079833984375 231.3037109375 251.64599609375 268.75927734375 286.194091796875 312.2335205078125 332.577850341796875 352.565032958984375 388.937347412109375 420.465057373046875 449.264495849609375 487.689544677734375 508.084259033203125 516.5875244140625 499.07366943359375 473.80889892578125
452.2115478515625 424.804412841796875 403.5380859375 382.266510009765625 363.515350341796875 342.19952392578125 330.177886962890625 323.305450439453125 307.553680419921875 289.877716064453125 267.595367431640625 235.471282958984375 213.728179931640625 194.4199066162109375 175.367218017578125 159.8908233642578125 149.0187530517578125 143.117767333984375 136.740447998046875 129.01055908203125 123.11707305908203125 122.98030853271484375 134.887603759765625 147.8229827880859375 162.7870635986328125 175.52691650390625 195.090545654296875 212.4091033935546875 227.77813720703125 249.017578125 265.973663330078125 281.706298828125 307.79632568359375 331.8414306640625 356.131439208984375 392.5150146484375 419.402984619140625 442.484527587890625 469.464324951171875 484.726959228515625 490.615692138671875 474.83306884765625 452.5318603515625
447.308349609375 412.957427978515625 389.797943115234375 366.848541259765625 349.451934814453125 330.558258056640625 319.2886962890625 313.360748291015625 298.334259033203125 278.01446533203125 255.703338623046875 229.2990570068359375 209.680084228515625 189.058502197265625 171.133026123046875 156.6356201171875 146.472137451171875 142.7142791748046875 136.341644287109375 127.7411651611328125 121.7303466796875 120.116973876953125 129.6971282958984375 143.0512542724609375 158.6584014892578125 173.566802978515625 191.4432830810546875 206.8991241455078125 223.93310546875 246.45843505859375 263.108978271484375 282.634765625 310.867401123046875 332.528961181640625 357.549560546875 390.432861328125 412.13226318359375 433.793548583984375 456.279937744140625 466.450592041015625 466.531341552734375 448.5965576171875 429.70263671875
441.471710205078125 400.705047607421875 377.3818359375 354.861083984375 337.349609375 322.8316650390625 313.803009033203125 306.159393310546875 292.049530029296875 270.647186279296875 247.112060546875 224.4402008056640625 207.8594818115234375 185.1343841552734375 168.76519775390625 158.5478363037109375 149.6157073974609375 144.8106536865234375 137.311798095703125 127.71318817138671875 121.96395111083984375 118.63555145263671875 124.559844970703125 136.4702301025390625 150.868499755859375 167.975372314453125 188.9919891357421875 203.6571197509765625 221.9068603515625 245.2321929931640625 259.852752685546875 281.607818603515625 313.102081298828125 333.520751953125 357.776397705078125 387.8223876953125 405.05401611328125 419.29248046875 433.83978271484375 441.63214111328125 442.7098388671875 427.21990966796875 407.4412841796875
431.287200927734375 387.47125244140625 362.625396728515625 348.200958251953125 335.56793212890625 322.934539794921875 312.909912109375 301.789581298828125 284.0718994140625 263.785736083984375 241.449737548828125 218.301116943359375 206.3494873046875 186.44000244140625 172.5698699951171875 164.667877197265625 156.7149505615234375 148.3097381591796875 138.4718780517578125 126.3609466552734375 118.57924652099609375 113.67661285400390625 117.03757476806640625 128.391998291015625 143.00848388671875 158.1508331298828125 179.7505645751953125 196.4887542724609375 215.677642822265625 243.3368377685546875 262.76666259765625 283.2528076171875 310.763397216796875 330.507537841796875 349.6236572265625 377.97589111328125 394.536285400390625 401.474212646484375 403.9638671875 403.304962158203125 403.68035888671875 391.5955810546875 368.11419677734375
417.98504638671875 380.843048095703125 359.025421142578125 347.835662841796875 340.897674560546875 327.529876708984375 313.714263916015625 300.289459228515625 277.502288818359375 257.414215087890625 238.916961669921875 217.35577392578125 205.4024200439453125 189.3087615966796875 179.01171875 170.739501953125 161.231201171875 150.0909881591796875 137.1608734130859375 122.29956817626953125 114.3954925537109375 108.8495025634765625 109.44463348388671875 119.55240631103515625 135.655426025390625 151.6797637939453125 174.0946197509765625 193.0086517333984375 211.0693206787109375 237.799072265625 260.474365234375 281.72113037109375 307.28125 327.536346435546875 344.999847412109375 366.9508056640625 375.10089111328125 376.715545654296875 376.146331787109375 377.141845703125 377.0145263671875 364.161773681640625 334.418914794921875
406.55389404296875 376.873077392578125 360.62408447265625 349.507049560546875 344.998931884765625 330.4351806640625 313.539520263671875 297.704620361328125 268.925994873046875 248.993682861328125 235.8415069580078125 221.6439208984375 211.0915069580078125 195.7733154296875 185.9869537353515625 174.1616668701171875 160.121978759765625 149.454833984375 135.3031158447265625 118.38607025146484375 111.19060516357421875 104.06690216064453125 103.30191802978515625 112.05008697509765625 126.98485565185546875 143.6166534423828125 165.76507568359375 186.991668701171875 208.17938232421875 234.5227508544921875 256.067474365234375 275.945068359375 296.582733154296875 315.78741455078125 335.256378173828125 354.954803466796875 356.863616943359375 351.637542724609375 342.378936767578125 343.212127685546875 341.465362548828125 330.683074951171875 303.185028076171875
407.889984130859375 378.32470703125 365.035980224609375 352.425750732421875 343.475128173828125 330.205718994140625 318.32342529296875 301.55889892578125 269.899658203125 252.3250274658203125 238.3997039794921875 226.822418212890625 221.16314697265625 211.181304931640625 200.094512939453125 181.7793731689453125 159.0802459716796875 145.9227752685546875 132.3743743896484375 117.23665618896484375 108.94770050048828125 99.80914306640625 95.64142608642578125 103.28012847900390625 118.3807220458984375 135.2340850830078125 156.452239990234375 175.004364013671875 197.1508941650390625 225.9671173095703125 246.6569671630859375 262.92303466796875 278.708099365234375 291.503936767578125 304.121337890625 315.833343505859375 316.88720703125 312.1517333984375 303.542877197265625 301.908111572265625 291.671539306640625 271.839263916015625 250.5423583984375
408.938140869140625 377.591400146484375 364.92864990234375 355.33624267578125 345.669464111328125 333.742767333984375 326.629852294921875 309.90106201171875 282.1517333984375 272.3548583984375 262.185638427734375 247.6715850830078125 237.6599273681640625 223.13140869140625 206.9414825439453125 185.5693511962890625 160.9303741455078125 145.2523040771484375 132.4239349365234375 118.41436004638671875 108.5673675537109375 99.7596282958984375 92.6998291015625 97.64939117431640625 110.3820953369140625 124.8575439453125 148.709991455078125 168.636749267578125 189.2738189697265625 218.35711669921875 237.013702392578125 247.0595855712890625 258.1224365234375 268.107269287109375 277.123626708984375 283.02020263671875 280.99041748046875 275.18243408203125 266.97869873046875 261.363189697265625 251.326629638671875 236.281219482421875 217.1707000732421875
424.190460205078125 380.928009033203125 364.411376953125 357.00567626953125 350.378509521484375 343.3306884765625 339.15301513671875 324.81121826171875 304.8543701171875 299.11175537109375 294.278472900390625 280.99053955078125 266.257598876953125 240.3344879150390625 215.2766265869140625 188.1441650390625 160.2515869140625 144.782073974609375 132.8023223876953125 120.1033477783203125 109.69171905517578125 99.52086639404296875 89.843414306640625 93.49010467529296875 104.54482269287109375 116.89218902587890625 138.87103271484375 159.1871490478515625 178.7981109619140625 211.072967529296875 229.1895294189453125 235.9485626220703125 237.2880706787109375 238.9440155029296875 243.3445281982421875 248.4389801025390625 247.37628173828125 244.1245880126953125 237.08770751953125 223.1633453369140625 208.015045166015625 199.582183837890625 184.0187530517578125
458.94329833984375 397.870391845703125 377.325592041015625 367.4984130859375 362.31756591796875 355.969390869140625 354.8607177734375 352.353546142578125 353.003326416015625 351.8994140625 347.303955078125 325.071563720703125 295.948272705078125 251.8934326171875 227.537933349609375 199.1347503662109375 166.6112823486328125 150.8352508544921875 135.5968017578125 119.83246612548828125 110.63440704345703125 98.0083770751953125 85.40435791015625 85.83090972900390625 94.9959259033203125 109.716827392578125 131.023834228515625 149.2809906005859375 167.4799041748046875 194.7105255126953125 205.1292724609375 209.947296142578125 208.173553466796875 209.45611572265625 210.1031646728515625 209.50042724609375 202.9222259521484375 196.6389007568359375 193.0955352783203125 181.114959716796875 166.718963623046875 156.4618072509765625 141.6710357666015625
479.608184814453125 405.4971923828125 387.174224853515625 377.92974853515625 375.99609375 372.74468994140625 377.89996337890625 382.81781005859375 388.97503662109375 387.718231201171875 378.101226806640625 346.12744140625 309.021270751953125 259.8406982421875 236.46429443359375 209.5009002685546875 175.5587005615234375 157.04962158203125 141.60693359375 122.9773406982421875 111.15579986572265625 96.9576873779296875 83.17850494384765625 81.30835723876953125 87.7802886962890625 99.97139739990234375 120.30828094482421875 138.49761962890625 159.1905517578125 181.13824462890625 181.15130615234375 179.0516357421875 175.938720703125 181.35504150390625 185.52850341796875 186.32574462890625 178.5189208984375 171.0305938720703125 160.2954254150390625 147.397674560546875 135.721038818359375 126.11110687255859375 117.02277374267578125
497.8314208984375 425.3348388671875 401.4332275390625 390.70635986328125 388.836212158203125 391.4915771484375 405.54522705078125 417.98504638671875 423.36724853515625 415.83587646484375 394.32080078125 348.372406005859375 311.431915283203125 268.23028564453125 243.5485382080078125 220.5900115966796875 184.0896759033203125 160.9181060791015625 146.91357421875 126.93778228759765625 111.4276885986328125 96.57950592041015625 81.03041839599609375 76.66915130615234375 80.81787872314453125 89.78272247314453125 108.371490478515625 124.74994659423828125 143.5057220458984375 157.019378662109375 152.4547271728515625 149.0366058349609375 150.789520263671875 157.4645233154296875 160.2127227783203125 153.306915283203125 145.137664794921875 144.9913482666015625 136.8891143798828125 124.5544281005859375 113.1044158935546875 99.74878692626953125 91.422149658203125
520.9853515625 458.024139404296875 429.1513671875 420.40264892578125 419.58966064453125 428.754119873046875 442.2298583984375 447.35223388671875 433.492706298828125 411.352325439453125 385.206390380859375 344.11553955078125 312.37274169921875 271.613525390625 244.3835906982421875 222.5596160888671875 191.43133544921875 168.8787384033203125 151.0018310546875 128.4856109619140625 111.3147735595703125 95.69414520263671875 81.129852294921875 73.49269866943359375 71.854248046875 75.806427001953125 92.52823638916015625 108.9168548583984375 123.3572235107421875 127.4215240478515625 121.2864532470703125 116.5249786376953125 124.7223052978515625 130.159027099609375 130.6377105712890625 108.89672088623046875 97.7007904052734375 99.41558074951171875 98.575775146484375 92.1594696044921875 84.94515228271484375 76.60497283935546875 69.96395111083984375
533.89495849609375 478.759613037109375 450.503173828125 440.98583984375 444.401763916015625 463.23138427734375 472.2303466796875 463.79986572265625 422.981048583984375 385.871978759765625 360.8323974609375 335.903778076171875 313.499114990234375 279.120849609375 253.0116424560546875 224.724884033203125 192.2146759033203125 171.0574493408203125 148.2766876220703125 123.30236053466796875 109.25568389892578125 95.46463775634765625 81.4090576171875 72.55266571044921875 68.65355682373046875 70.46862030029296875 81.130462646484375 91.85961151123046875 102.85713958740234375 110.57286834716796875 110.1314697265625 108.0659942626953125 115.90396881103515625 113.289581298828125 103.59146881103515625 74.85372161865234375 68.1434478759765625 69.5279693603515625 73.160919189453125 69.797027587890625 64.4342498779296875 60.67566680908203125 58.7452545166015625
536.00830078125 503.847686767578125 483.652862548828125 474.582672119140625 476.7158203125 492.86328125 482.6446533203125 457.799530029296875 411.793243408203125 376.6883544921875 351.710693359375 335.452545166015625 318.420562744140625 288.35546875 264.24090576171875 231.801971435546875 192.5205841064453125 168.9135589599609375 142.7488250732421875 115.96469879150390625 104.41876220703125 95.407989501953125 81.87618255615234375 71.39832305908203125 66.58110809326171875 66.1125640869140625 71.427703857421875 75.9736480712890625 82.80108642578125 91.32202911376953125 95.832275390625 100.857513427734375 108.66872406005859375 102.08924102783203125 83.937591552734375 53.1262664794921875 48.9938812255859375 48.903228759765625 53.864673614501953125 53.818904876708984375 52.408702850341796875 51.83467864990234375 52.38314056396484375
550.09332275390625 542.2763671875 530.04071044921875 528.919921875 534.21453857421875 537.488037109375 491.177978515625 445.23236083984375 407.293182373046875 389.978179931640625 373.57958984375 358.68914794921875 340.688446044921875 305.87188720703125 271.142913818359375 231.4845733642578125 183.60888671875 154.6483001708984375 132.657989501953125 110.50037384033203125 100.61310577392578125 96.88531494140625 83.43073272705078125 73.052764892578125 67.4974517822265625 63.46765899658203125 59.019359588623046875 56.65966796875 61.300998687744140625 73.9459228515625 83.5992889404296875 92.98326873779296875 90.1607818603515625 77.639373779296875 62.293659210205078125 45.200580596923828125 43.88343048095703125 42.98834991455078125 48.000904083251953125 50.723476409912109375 49.847164154052734375 50.24166107177734375 52.5201873779296875
568.61065673828125 575.481201171875 571.5313720703125 569.7275390625 573.77008056640625 556.7086181640625 501.405731201171875 457.739837646484375 424.7286376953125 414.508544921875 400.021697998046875 376.75250244140625 353.243408203125 312.11181640625 270.576629638671875 227.1622161865234375 175.931396484375 144.650848388671875 124.29796600341796875 107.9119415283203125 101.53360748291015625 98.42254638671875 85.937530517578125 76.21752166748046875 69.5489349365234375 66.51529693603515625 58.166500091552734375 51.88832855224609375 51.75539398193359375 63.56044769287109375 76.4495697021484375 88.02191162109375 74.4019622802734375 62.076541900634765625 57.724956512451171875 50.8192901611328125 49.65479278564453125 48.024265289306640625 56.04602813720703125 59.685436248779296875 57.7368621826171875 58.07568359375 62.6552734375
