Gravel-Miguel/LCP_maps/Snowdon/DEM.asc
ncols        132
nrows        120
xllcorner    -1585586.593349999981
yllcorner    52773.944563763616
cellsize     100.007353863637
[rows 95 to 113 of 120, columns 86 to 128 of 132]
102.67658233642578125 100.341522216796875 92.30542755126953125 81.396453857421875 72.73729705810546875 67.41017913818359375 66.44179534912109375 64.81424713134765625 64.2499542236328125 65.95963287353515625 65.76258087158203125 69.47298431396484375 80.93951416015625 97.73046875 114.81835174560546875 129.3911895751953125 133.66845703125 142.1006317138671875 155.539642333984375 168.2013397216796875 191.8371124267578125 227.599853515625 252.317626953125 277.32147216796875 305.772308349609375 321.969329833984375 344.650848388671875 378.61663818359375 401.42828369140625 416.70159912109375 431.158660888671875 442.160614013671875 455.622650146484375 464.534637451171875 463.52996826171875 461.57568359375 452.940032958984375 440.9937744140625 429.291046142578125 421.5875244140625 419.428558349609375 421.667022705078125 425.101776123046875
93.31745147705078125 87.2708282470703125 77.279510498046875 69.3048858642578125 64.3158721923828125 64.95952606201171875 66.07440948486328125 65.2819061279296875 64.57546234130859375 64.948394775390625 65.9481048583984375 74.01248931884765625 93.5941162109375 113.47592926025390625 131.02716064453125 145.94866943359375 151.771270751953125 162.15411376953125 182.232391357421875 200.11102294921875 221.71240234375 255.0063323974609375 278.609954833984375 295.59649658203125 318.28558349609375 335.243255615234375 352.534423828125 379.26361083984375 397.505889892578125 408.33404541015625 418.309356689453125 425.678619384765625 435.205108642578125 441.371337890625 439.709930419921875 436.5286865234375 429.314056396484375 419.896636962890625 410.50537109375 406.16943359375 408.349273681640625 414.54425048828125 420.897552490234375
81.097900390625 75.48603057861328125 68.2832489013671875 65.133575439453125 63.55802154541015625 66.69454193115234375 69.0309295654296875 70.4639892578125 69.98382568359375 69.170074462890625 74.8250274658203125 87.53247833251953125 112.6076202392578125 135.686767578125 154.05889892578125 170.6575164794921875 183.4856109619140625 194.994415283203125 216.915283203125 240.7665863037109375 264.04376220703125 295.581512451171875 314.9366455078125 325.187591552734375 334.542449951171875 346.26800537109375 359.8431396484375 377.89398193359375 387.15130615234375 391.9581298828125 392.43267822265625 392.872222900390625 396.22064208984375 403.693267822265625 405.74212646484375 403.176300048828125 398.9317626953125 396.43072509765625 394.876556396484375 396.165191650390625 398.5833740234375 402.62579345703125 407.927337646484375
78.18668365478515625 75.129974365234375 73.70621490478515625 76.8734130859375 77.8527374267578125 77.362518310546875 76.28814697265625 76.2378997802734375 76.43372344970703125 79.434539794921875 91.9849700927734375 109.177001953125 131.9603424072265625 151.648712158203125 170.1071014404296875 188.0017242431640625 206.786285400390625 227.375701904296875 253.2512969970703125 274.57891845703125 297.14373779296875 323.119476318359375 337.13165283203125 349.89898681640625 359.08099365234375 363.178985595703125 368.8956298828125 375.6781005859375 376.442291259765625 376.07177734375 372.82855224609375 370.037078857421875 370.434234619140625 378.709930419921875 386.1444091796875 387.744598388671875 384.658843994140625 382.577056884765625 381.533660888671875 384.069183349609375 387.730804443359375 392.702484130859375 397.400787353515625
95.034423828125 88.2421417236328125 89.4054412841796875 96.90042877197265625 99.93299102783203125 97.62065887451171875 93.68213653564453125 90.421966552734375 90.66394805908203125 96.71295166015625 111.659088134765625 131.2301177978515625 155.4135894775390625 173.564971923828125 193.6332550048828125 214.13848876953125 231.6273651123046875 256.605133056640625 288.015350341796875 307.88970947265625 329.450775146484375 352.079620361328125 361.135284423828125 375.2899169921875 386.16748046875 385.042236328125 384.729827880859375 379.280120849609375 370.721954345703125 362.9827880859375 357.589385986328125 356.18438720703125 357.488372802734375 362.68499755859375 368.51019287109375 371.434356689453125 371.9344482421875 370.813934326171875 370.20654296875 371.434814453125 373.994384765625 378.645599365234375 382.150177001953125
141.314483642578125 132.5549468994140625 129.18426513671875 132.4914398193359375 132.7507781982421875 124.98085784912109375 119.4217529296875 116.04453277587890625 118.81485748291015625 132.5044097900390625 148.233154296875 162.9821929931640625 186.5052490234375 205.7112579345703125 225.82916259765625 254.4712677001953125 276.09674072265625 300.46661376953125 330.44805908203125 347.5850830078125 358.389556884765625 378.84033203125 392.7823486328125 405.069549560546875 413.22698974609375 410.59228515625 406.333770751953125 392.279937744140625 375.657867431640625 358.417327880859375 346.989532470703125 344.168426513671875 345.94866943359375 350.323699951171875 353.512969970703125 355.298492431640625 355.00567626953125 354.01251220703125 353.746063232421875 355.30029296875 357.116729736328125 359.80059814453125 359.318450927734375
174.9253387451171875 167.3848724365234375 155.6217041015625 151.2750091552734375 149.7128753662109375 144.7163848876953125 141.2653045654296875 139.83184814453125 141.87701416015625 157.5085296630859375 175.0829010009765625 187.906829833984375 214.3816070556640625 237.0276031494140625 254.297454833984375 280.720123291015625 305.038818359375 327.895721435546875 354.3369140625 371.8206787109375 380.145843505859375 398.099090576171875 409.126800537109375 415.029449462890625 419.718505859375 418.958587646484375 414.812225341796875 399.5950927734375 378.685089111328125 358.278564453125 347.963043212890625 343.43963623046875 341.945831298828125 342.38531494140625 344.380828857421875 346.00775146484375 345.567779541015625 345.028961181640625 344.660888671875 345.4302978515625 345.9527587890625 345.718414306640625 343.653900146484375
192.0232086181640625 187.2411346435546875 174.0603790283203125 164.8186187744140625 161.04803466796875 160.504547119140625 159.6980133056640625 163.84088134765625 169.881805419921875 185.4480438232421875 200.6319122314453125 213.4551849365234375 239.1439208984375 262.73974609375 283.493316650390625 308.49884033203125 331.84918212890625 352.904998779296875 370.137908935546875 385.959930419921875 398.916961669921875 415.85546875 422.73541259765625 425.23016357421875 424.955841064453125 421.36517333984375 414.48004150390625 399.34130859375 378.89923095703125 359.72308349609375 349.749359130859375 344.56884765625 341.1353759765625 339.21978759765625 340.160888671875 341.723907470703125 341.581451416015625 340.533782958984375 339.580780029296875 339.15203857421875 339.043853759765625 336.92523193359375 333.34564208984375
194.763763427734375 189.2392120361328125 182.775390625 179.062530517578125 179.5638275146484375 183.3263092041015625 185.0305023193359375 190.8998870849609375 200.9603729248046875 218.0119781494140625 234.8104095458984375 254.688507080078125 278.72216796875 294.07513427734375 312.60772705078125 334.88922119140625 352.7501220703125 374.01812744140625 393.5928955078125 407.0888671875 419.179473876953125 429.9278564453125 433.898223876953125 439.618011474609375 440.451080322265625 433.5615234375 420.913421630859375 398.5792236328125 379.534393310546875 364.637664794921875 351.52911376953125 345.00616455078125 342.51837158203125 341.337493896484375 341.842254638671875 345.133270263671875 346.792755126953125 345.429412841796875 344.250640869140625 341.039306640625 337.551177978515625 333.521942138671875 327.82177734375
194.319183349609375 190.4206390380859375 187.6574554443359375 187.279052734375 188.5804901123046875 195.7441558837890625 204.7075958251953125 214.0522308349609375 225.0447845458984375 241.9244842529296875 258.7491455078125 279.07855224609375 304.616546630859375 319.46051025390625 334.420928955078125 352.033935546875 364.350494384765625 383.105987548828125 406.230224609375 420.318756103515625 431.4412841796875 441.957733154296875 446.456634521484375 452.7694091796875 452.774169921875 444.65789794921875 430.656585693359375 406.185699462890625 386.146728515625 370.75830078125 353.014801025390625 346.461029052734375 347.854949951171875 351.559722900390625 354.60272216796875 357.688232421875 357.462127685546875 355.338836669921875 353.35491943359375 349.889892578125 346.201507568359375 341.35186767578125 331.726104736328125
190.733612060546875 190.4932708740234375 193.9703826904296875 196.7409820556640625 199.0884552001953125 207.242462158203125 218.908233642578125 232.529327392578125 246.68988037109375 269.760589599609375 289.06695556640625 304.747283935546875 325.802886962890625 340.164398193359375 350.80999755859375 366.99163818359375 381.175537109375 397.720489501953125 418.032806396484375 431.67523193359375 440.90350341796875 451.5592041015625 461.311248779296875 470.737518310546875 468.421661376953125 456.515899658203125 439.634674072265625 414.586090087890625 393.60736083984375 376.9410400390625 359.624267578125 356.05926513671875 359.852569580078125 367.047882080078125 371.62103271484375 374.761749267578125 376.340240478515625 375.270111083984375 371.628997802734375 364.115264892578125 359.53961181640625 354.169769287109375 343.786773681640625
189.0665130615234375 192.3536834716796875 199.9697113037109375 204.9320220947265625 214.398529052734375 230.9878387451171875 244.8670654296875 262.876861572265625 278.344146728515625 298.479644775390625 319.03961181640625 336.798858642578125 354.638031005859375 366.118072509765625 373.986663818359375 385.6611328125 400.313323974609375 416.502655029296875 434.352386474609375 451.05853271484375 463.6632080078125 471.45733642578125 483.2874755859375 492.038055419921875 485.019744873046875 470.16876220703125 450.546478271484375 425.2752685546875 402.835235595703125 384.942169189453125 374.833892822265625 377.53436279296875 385.88177490234375 397.602783203125 401.361541748046875 405.29315185546875 407.21795654296875 405.54534912109375 401.429412841796875 392.55181884765625 386.351104736328125 378.5811767578125 365.09698486328125
192.4088592529296875 198.38104248046875 209.1288299560546875 215.1662750244140625 226.032806396484375 247.5629119873046875 266.05120849609375 287.157989501953125 307.725311279296875 325.815032958984375 341.32745361328125 357.338836669921875 371.087677001953125 379.190521240234375 389.711151123046875 403.9178466796875 416.686248779296875 431.309417724609375 448.65130615234375 467.045013427734375 485.532012939453125 498.0421142578125 504.892486572265625 505.598480224609375 492.387664794921875 475.953125 455.052398681640625 427.984893798828125 408.711578369140625 395.428802490234375 391.41253662109375 396.32525634765625 405.890594482421875 420.09808349609375 426.61651611328125 434.353485107421875 438.403564453125 434.688629150390625 425.47003173828125 412.590118408203125 404.45233154296875 396.102386474609375 382.553558349609375
198.2701873779296875 205.1191558837890625 220.4810028076171875 233.75323486328125 246.8227691650390625 270.32958984375 291.296600341796875 309.166534423828125 331.95233154296875 354.403076171875 365.6689453125 377.555206298828125 388.18109130859375 392.407745361328125 402.53765869140625 419.76129150390625 433.330657958984375 449.1575927734375 470.89794921875 489.6519775390625 509.65155029296875 521.64666748046875 519.46575927734375 510.40087890625 491.764495849609375 475.15863037109375 456.5679931640625 430.005126953125 413.386871337890625 404.277496337890625 406.01007080078125 415.780303955078125 427.172393798828125 443.8719482421875 454.169921875 462.12744140625 466.091552734375 461.6903076171875 450.505462646484375 434.60205078125 422.6180419921875 412.089080810546875 396.79840087890625
209.0433349609375 220.6917572021484375 241.65643310546875 262.684173583984375 281.75494384765625 304.091796875 325.5181884765625 344.160186767578125 362.67254638671875 382.471221923828125 391.07086181640625 396.34722900390625 407.72076416015625 417.25457763671875 426.836334228515625 444.96575927734375 460.744964599609375 475.817169189453125 498.84228515625 515.211669921875 528.15234375 531.244140625 520.8450927734375 504.699554443359375 479.840606689453125 462.05810546875 449.232421875 431.180084228515625 422.211456298828125 418.75091552734375 423.799163818359375 435.012115478515625 448.085113525390625 468.803741455078125 484.690338134765625 495.9014892578125 499.265045166015625 488.8695068359375 473.03533935546875 453.718841552734375 440.666717529296875 428.337615966796875 411.504974365234375
219.214752197265625 239.3927001953125 265.848358154296875 287.75323486328125 308.828094482421875 327.49737548828125 346.02606201171875 362.8992919921875 374.15325927734375 388.444488525390625 400.1673583984375 407.852691650390625 422.44866943359375 434.87420654296875 445.7869873046875 466.474822998046875 485.38397216796875 501.369415283203125 518.05255126953125 523.88397216796875 525.28558349609375 519.81695556640625 507.5460205078125 491.244598388671875 469.661773681640625 454.7799072265625 442.8236083984375 429.22772216796875 426.813232421875 429.858001708984375 440.650115966796875 452.5556640625 466.578369140625 484.128814697265625 495.496673583984375 507.1500244140625 513.587646484375 503.031463623046875 485.101806640625 461.4007568359375 447.70062255859375 432.795074462890625 413.242706298828125
232.7195587158203125 258.701995849609375 289.72198486328125 308.505218505859375 326.646240234375 345.003814697265625 360.004119873046875 370.253082275390625 376.5755615234375 385.113739013671875 400.51336669921875 417.63330078125 440.299102783203125 454.564697265625 468.826324462890625 489.322784423828125 506.25457763671875 521.249267578125 531.55242919921875 529.0908203125 521.505859375 506.77349853515625 492.16900634765625 477.188323974609375 460.79779052734375 450.662628173828125 441.827728271484375 434.574737548828125 435.9974365234375 441.6151123046875 454.900665283203125 467.4063720703125 484.456268310546875 503.37994384765625 510.28131103515625 517.55889892578125 519.9140625 509.04913330078125 490.251007080078125 461.693084716796875 445.002838134765625 428.882598876953125 408.1402587890625
249.809600830078125 275.692413330078125 307.86572265625 326.4195556640625 339.118560791015625 350.034454345703125 357.5784912109375 362.180023193359375 371.33343505859375 386.72686767578125 405.99725341796875 432.045501708984375 464.1434326171875 480.23345947265625 498.97503662109375 520.69195556640625 532.56396484375 540.597900390625 539.38958740234375 530.4208984375 519.86083984375 498.60467529296875 480.52789306640625 469.225250244140625 456.38525390625 448.295562744140625 445.10205078125 449.35675048828125 458.01898193359375 466.953094482421875 482.126190185546875 493.535980224609375 505.719482421875 525.3992919921875 531.81292724609375 527.8134765625 511.982147216796875 495.7156982421875 479.597503662109375 449.620391845703125 425.600921630859375 408.007720947265625 380.86676025390625
257.53411865234375 280.34979248046875 305.8948974609375 322.642547607421875 334.58477783203125 341.94927978515625 348.002044677734375 354.400543212890625 368.761199951171875 394.074615478515625 417.18255615234375 443.982208251953125 480.09710693359375 500.527557373046875 517.30523681640625 534.57977294921875 544.3104248046875 550.749755859375 548.08355712890625 535.9039306640625 522.5684814453125 495.933837890625 477.83282470703125 470.316650390625 460.874114990234375 457.432952880859375 458.171600341796875 465.8924560546875 476.940765380859375 487.1197509765625 507.4112548828125 521.47491455078125 530.283447265625 540.99810791015625 537.08160400390625 521.30731201171875 486.62237548828125 459.906585693359375 440.25848388671875 413.1304931640625 392.83447265625 376.66986083984375 349.67828369140625
